2.114,-0.155,1.638,-0.808,-0.307,0.681,-0.136,0.664,-2.534,0.129,0.072,1
-1.563,-1.217,0.508,-0.808,-0.286,-0.371,1.506,-0.714,0.058,-0.461,-1.148,0
0.046,1.213,-0.827,-0.453,0.054,0.012,0.503,-0.131,-0.785,0.955,-0.773,0
0.104,-1.049,0.663,1.533,-0.690,-1.231,-1.139,0.336,0.446,0.011,1.105,1
-0.758,1.213,-0.775,-0.524,0.564,-0.084,0.533,-0.459,-0.590,-0.402,-0.866,1
-0.241,-0.714,0.149,-0.524,1.478,-1.327,-0.045,0.277,-0.007,1.486,-0.866,1
-0.241,-1.105,0.714,-0.737,-0.669,-0.944,-0.349,-1.477,-0.137,0.306,0.542,1
-1.103,0.236,-1.289,-0.524,-0.435,-1.136,-1.079,0.134,0.965,0.129,-0.866,0
-0.758,1.548,-1.391,-0.028,-0.414,-0.849,-0.805,0.081,1.094,-0.579,-0.773,0
1.195,0.627,-0.159,0.185,0.373,1.255,0.199,1.618,-0.461,0.070,-0.491,0
-0.643,-0.435,-0.621,-0.382,-0.201,-0.562,-0.562,-0.348,-0.137,-0.874,-0.491,1
0.276,0.738,-0.056,-0.595,-0.286,-1.136,-0.714,0.187,-1.044,0.483,-1.148,0
-0.586,-0.491,-0.364,-0.666,-0.818,0.777,0.533,-1.721,0.446,-0.520,1.199,1
-0.126,-1.105,0.868,-0.737,-0.966,-0.944,-1.048,-0.703,0.252,-0.284,0.260,0
-1.563,-0.155,-0.929,-0.169,-0.818,0.108,1.597,-1.615,2.066,-0.166,2.419,0
-0.586,0.347,-0.056,3.307,-0.371,1.829,2.266,0.717,0.382,-0.992,-0.960,0
1.482,0.012,1.125,1.462,0.649,-0.562,-0.896,1.830,-1.562,-0.579,1.199,1
-0.643,0.236,-1.083,-0.666,-0.244,-0.657,-0.592,0.240,0.317,0.247,-0.773,1
0.851,-0.491,1.022,-0.028,-0.520,-0.657,-0.562,0.717,-0.461,-0.048,0.354,1
-0.873,0.850,-0.313,-0.311,-0.371,-0.657,-0.714,-0.682,0.446,-0.343,-0.115,0
-0.528,0.459,-1.340,-0.382,-0.286,-0.275,-0.257,0.389,1.094,-0.048,-0.585,0
0.046,0.515,-0.775,-0.524,-0.329,2.116,-0.014,-0.905,0.446,1.368,1.293,1
-0.126,4.481,-1.391,-0.524,-0.116,-1.231,-1.048,-0.184,1.483,-1.051,0.448,0
-0.701,1.269,-0.621,-0.524,0.415,0.394,1.141,-0.433,-0.785,-0.933,-0.866,0
-0.643,0.738,-1.237,-0.169,-0.201,0.012,1.202,0.362,1.418,-0.520,-0.679,0
-1.907,-0.602,-0.159,-0.382,-0.584,0.299,0.107,-2.675,2.649,0.483,3.358,1
-0.873,0.347,-0.878,-0.595,-0.520,1.733,0.199,-0.502,0.641,0.070,-0.679,0
-0.643,-0.938,0.971,-0.311,-0.286,0.777,-0.075,-0.746,0.576,1.132,0.542,1
-0.643,0.180,-0.056,-0.382,-0.095,-0.275,1.628,-0.470,-0.331,-0.815,-0.491,0
2.344,-0.211,1.587,0.327,0.330,1.160,1.597,2.148,-0.979,2.017,1.011,1
-1.907,2.861,-0.159,-0.666,-0.796,1.542,1.506,-1.774,2.779,-0.225,1.011,0
-0.413,-0.546,0.098,-0.311,-0.265,0.299,0.594,0.230,0.576,-0.107,-0.866,0
-0.069,1.129,-0.313,-0.595,-0.286,-1.040,-1.018,0.028,-0.720,-0.815,-0.866,0
-0.299,0.012,-1.340,-0.666,-0.222,-1.231,-0.835,-0.926,-0.979,-1.169,-0.585,0
-0.643,-0.938,0.971,-0.311,-0.286,0.777,-0.075,-0.746,0.576,1.132,0.542,1
-0.873,0.180,-1.237,-0.595,-0.074,0.203,-0.349,0.028,0.835,-0.166,-0.397,1
-1.103,-0.826,-0.673,-0.240,-1.051,-0.084,-0.653,-0.852,0.835,-0.048,0.635,1
-1.160,2.750,-1.391,-0.382,-0.095,0.108,-0.683,-1.260,1.807,-0.638,0.729,0
0.391,0.012,1.125,-0.453,1.775,-0.944,-0.653,0.399,-0.266,-0.284,-0.960,1
-0.643,-0.658,0.149,-0.311,-0.095,1.829,0.776,0.134,0.835,-0.815,-0.960,0
2.402,-0.826,1.690,0.043,-0.137,1.446,0.776,1.512,-1.368,0.424,0.072,0
0.965,-0.826,0.560,-0.666,1.733,1.064,1.324,1.268,-1.044,-0.048,-1.805,0
-0.643,0.710,-1.237,-0.524,-0.201,-0.849,-1.048,-0.465,0.187,-1.582,-0.866,0
3.838,-1.775,0.868,-0.240,-0.265,-0.562,-0.683,1.751,-1.562,1.073,-1.148,1
-0.126,-1.329,0.457,-0.240,-0.839,1.829,0.199,-0.926,-0.266,2.076,1.856,1
1.080,-0.938,1.895,0.256,0.734,-0.562,-0.166,0.664,-0.526,0.011,1.950,1
-0.471,-0.211,-0.416,-0.453,-0.244,-0.562,-0.075,-0.555,0.511,-0.697,-0.679,0
1.195,-1.608,0.971,-0.524,-0.265,-0.944,-0.774,0.452,-0.396,2.135,0.354,1
-0.184,0.291,0.046,0.469,-0.456,0.490,2.054,0.293,-0.590,-0.697,-0.960,1
-0.184,1.018,-1.391,0.043,-0.159,-0.466,-0.379,0.452,0.835,-0.756,-0.866,0
0.046,-0.882,0.817,-0.169,-0.520,-0.371,-0.835,-0.661,-0.914,0.896,0.729,1
0.161,0.878,-0.878,-0.666,0.096,-1.231,-1.048,0.373,-0.007,-0.048,-0.819,1
-0.701,0.459,-1.289,-0.028,-0.137,0.108,1.233,0.373,1.094,-0.343,-0.679,1
1.425,-1.329,0.765,-0.666,-0.074,0.299,-0.592,-0.687,-0.202,0.424,1.386,1
-0.873,0.627,-1.391,0.114,0.755,-0.084,-0.410,-0.724,0.835,-0.166,0.823,1
0.276,0.124,-1.186,-0.240,0.670,-0.179,0.290,-0.290,-0.655,-0.343,0.448,1
-0.816,0.068,0.149,-0.240,0.011,-0.657,1.780,0.267,-0.396,3.080,0.072,1
-0.356,1.046,-1.340,-0.311,-0.499,1.446,-0.105,-1.609,0.641,-0.520,1.293,1
-0.011,0.487,-0.262,0.043,-0.010,-0.944,-0.835,0.770,-0.331,-0.284,-1.054,0
-0.528,0.403,-0.056,3.378,-0.371,1.925,2.266,0.770,0.382,-0.992,-0.960,0
-0.758,0.347,-1.391,-0.595,-0.754,-1.231,-1.170,-0.396,0.641,-1.110,-0.115,0
-0.988,1.157,-1.289,3.804,0.734,4.985,2.358,1.406,1.029,-0.756,-0.491,0
-0.413,-1.329,1.125,0.114,0.096,0.873,0.412,0.187,-0.007,-0.284,-0.303,1
-0.471,0.571,-0.775,1.817,0.500,3.263,1.932,0.823,-0.331,0.660,-0.960,0
0.965,-0.211,-0.364,6.003,-0.350,-0.275,0.107,2.519,-0.979,0.188,-1.148,1
-1.045,-0.714,-0.878,-0.382,-0.244,1.351,0.016,-0.640,0.317,-1.051,-0.960,1
1.885,-0.658,1.381,-0.737,0.160,0.586,-0.166,0.320,-1.886,0.601,-0.491,1
-1.218,0.683,-1.083,-0.666,-0.796,-0.944,-0.866,-1.731,1.677,-0.697,1.433,0
0.908,-0.993,0.714,-0.169,-0.095,-0.466,0.442,0.770,-0.655,-0.933,-0.866,0
0.046,-0.938,0.252,-0.240,-0.137,1.542,0.989,-0.184,-0.072,0.365,0.542,1
-0.528,0.124,-0.416,-0.524,-0.116,-0.084,-0.379,-0.104,1.159,0.129,0.072,0
0.276,-0.658,1.895,-0.240,0.118,-0.657,-0.136,0.982,1.483,0.011,0.072,0
0.333,0.208,0.354,0.327,0.118,0.012,1.993,1.618,0.446,-0.284,-0.866,0
1.885,-1.161,1.433,0.185,-0.137,1.829,0.624,1.830,0.058,1.545,0.354,1
-0.356,0.990,-0.878,0.043,-0.074,-0.657,-0.622,0.452,0.511,-0.992,-0.679,0
-1.160,-0.323,-1.391,-0.808,-0.690,1.064,-0.410,-2.410,0.900,-1.051,1.762,1
0.104,-0.379,0.200,-0.205,-0.201,1.542,0.351,0.664,0.122,-0.697,-0.585,0
0.965,-0.546,0.303,0.114,0.160,1.160,1.293,0.876,-0.590,0.129,-0.397,0
-0.184,-0.770,0.149,-0.453,-0.286,1.542,1.141,0.224,0.511,-0.284,-1.336,0
0.908,1.185,0.046,0.043,-0.201,0.490,0.928,0.664,-0.202,-0.874,-0.585,0
2.402,-0.882,1.433,0.043,-0.095,0.873,0.655,1.459,-1.044,0.955,-0.022,1
0.908,0.347,-1.032,0.611,0.309,1.542,0.746,1.804,-0.007,0.306,-0.585,0
-0.126,1.409,-0.210,0.043,-0.605,-1.040,-0.957,0.134,0.382,-0.579,0.823,0
-0.758,-0.602,0.406,-0.666,0.011,0.012,-0.227,-0.343,0.187,-0.638,-1.148,0
0.333,-0.826,0.663,-0.240,-0.414,-0.371,-0.562,-1.000,-0.266,0.542,2.044,1
2.689,-1.161,1.946,0.043,0.118,-0.084,0.016,1.512,-1.692,-0.284,0.166,0
-0.299,1.297,-1.186,-0.169,0.096,-0.084,0.229,0.134,-0.331,-0.048,-0.585,0
-0.299,0.347,-0.467,-0.169,-0.244,0.108,0.229,0.399,0.770,-0.402,-0.397,0
-0.528,0.459,-1.340,-0.382,-0.286,-0.275,-0.257,0.389,1.094,-0.048,-0.585,0
-0.356,1.241,-0.005,0.895,0.479,1.733,1.293,-0.057,-0.461,-1.228,-1.054,0
-0.241,0.683,-1.340,-0.028,-0.201,0.108,-0.257,-0.237,0.187,0.483,1.199,1
1.195,-0.491,2.357,2.846,-0.286,2.116,0.898,1.194,-0.914,1.132,1.480,1
-0.643,0.794,-1.391,-0.240,-0.414,-0.562,-0.683,-0.608,0.706,0.365,0.635,1
-0.126,1.912,-1.391,0.540,0.181,0.968,0.442,1.857,1.872,0.365,-0.585,0
-0.528,-1.329,0.560,-0.595,-0.541,-0.657,-0.501,0.028,0.641,-0.756,-0.866,1
0.333,-0.714,0.252,2.172,-0.010,-0.562,0.016,1.247,0.446,0.660,0.072,1
-1.390,0.655,-0.775,-0.382,-0.265,1.542,-0.075,-0.677,1.677,0.306,-0.209,0
-0.816,-0.770,-0.159,-0.311,0.309,-1.136,-1.200,-1.127,0.835,-0.461,0.917,0
-0.413,-0.546,0.200,-0.311,-0.392,-0.275,0.837,-0.502,-0.331,-0.697,-0.491,1
-1.103,1.465,-1.186,-0.240,-0.563,-0.466,-0.896,-0.459,1.418,-0.048,-0.022,1
-1.045,0.012,-1.083,-0.382,-0.520,1.255,-0.075,-0.984,0.446,1.014,-0.115,1
1.885,-0.323,0.868,-0.666,1.265,1.925,0.138,0.855,0.446,1.191,-0.491,0
-0.758,-0.435,0.354,0.114,-0.116,0.012,0.776,0.664,1.548,-0.343,-0.866,0
-0.586,0.794,-1.135,0.753,0.415,-0.944,-0.805,0.240,0.576,-0.166,-0.303,0
-1.103,0.571,-0.313,-0.666,-0.159,-0.371,-0.440,0.076,1.742,0.011,-0.585,0
-0.873,0.738,-1.032,-0.666,-0.371,0.012,0.442,-0.544,-0.137,-0.343,-1.054,0
-0.356,0.236,-0.313,-0.737,-0.392,-1.136,-1.139,-1.148,-0.979,-0.697,-0.585,1
0.046,-1.552,0.611,-0.382,-0.988,-1.136,-1.109,-1.530,-0.266,0.306,1.950,1
-0.988,-0.491,-0.929,-0.240,-0.520,-0.657,-0.866,-1.223,0.706,0.188,0.823,1
2.287,-0.155,1.125,-0.240,0.033,-1.040,-0.987,1.830,-0.785,-1.287,-0.773,0
-0.873,1.576,-1.135,-0.382,-0.371,-0.944,-0.987,-0.597,1.289,0.011,0.354,1
0.276,-0.044,0.354,0.114,-0.010,0.777,2.297,0.770,-0.331,-0.284,-0.866,0
1.253,-1.608,0.765,-0.524,-0.222,-0.944,-0.744,0.452,-0.655,2.312,0.354,1
-0.701,-0.379,-0.364,-0.453,-0.222,1.160,0.229,-0.608,0.382,-0.107,-0.022,1
-1.218,0.180,-0.929,-0.595,-0.733,0.777,-0.440,-1.445,1.483,-0.343,0.823,0
1.712,-0.938,1.998,-0.098,0.755,-1.231,-1.170,-0.173,-0.720,-0.756,1.386,1
0.908,0.068,0.919,-0.169,-0.350,0.012,-0.197,1.247,0.511,-0.225,-0.960,0
-0.988,0.291,-1.391,-0.240,0.266,3.263,0.503,-0.693,1.807,0.129,0.917,1
1.368,-0.546,0.611,-0.240,0.394,-0.753,-0.440,0.982,-2.729,-0.933,-0.773,0
0.448,0.850,-0.827,0.185,0.118,-0.466,-0.075,1.131,-0.007,-0.638,-0.866,1
-0.701,-0.267,0.046,0.185,-0.414,-0.944,-0.926,0.039,-0.461,-0.756,-0.115,0
1.195,-1.105,1.844,0.185,-0.074,-1.040,-0.744,1.618,-0.331,0.483,0.729,1
-0.988,-0.044,-1.186,-0.240,-0.392,-0.753,-0.957,-0.608,0.576,-0.166,-0.960,1
-1.103,0.627,-0.313,-0.524,-0.137,-0.179,-0.470,0.076,1.807,0.011,-0.585,0
-0.299,0.962,-1.083,-0.453,-0.180,0.394,-0.349,-0.247,0.576,0.188,0.448,0
-0.184,-0.267,0.354,-0.240,-0.307,0.012,-0.653,-1.668,-0.202,0.011,1.856,1
0.678,0.347,0.868,-0.169,-0.350,0.490,0.655,1.300,0.965,-0.166,-0.866,0
-0.758,-0.826,1.125,-0.028,0.203,1.638,1.172,-0.290,0.511,0.660,0.917,1
0.908,0.571,-0.159,-0.098,-0.222,-0.944,-0.410,0.346,-1.433,-0.520,-0.960,0
-0.758,0.627,-1.289,-0.311,-0.435,-0.657,-0.714,0.134,1.029,0.070,-0.960,1
0.276,-0.882,1.073,-0.311,0.203,2.211,2.996,0.399,-1.757,2.194,-1.054,0
-0.069,0.627,-0.005,-0.382,0.160,-1.040,0.928,0.383,-1.173,-0.225,-1.242,1
-0.184,-0.546,0.457,-0.169,-0.265,-0.562,0.047,0.452,0.187,-1.169,-0.960,0
-0.471,1.102,-1.186,-0.737,-0.244,-0.753,-0.957,-0.883,-0.331,-0.756,-0.773,0
0.276,0.459,-0.416,1.037,0.139,1.351,0.685,0.595,-0.590,-0.933,-0.397,1
-1.333,0.627,-1.135,-0.453,-0.456,-0.657,-0.896,-0.947,1.353,0.719,0.166,0
-0.586,0.794,-1.289,-0.240,-0.329,1.446,1.385,-0.576,0.058,0.129,0.604,1
0.219,-1.105,0.560,0.540,-0.520,-0.562,-0.835,-1.095,-0.072,0.424,1.480,1
0.161,-0.044,0.560,-0.737,0.181,-1.040,-0.866,-0.046,-0.720,-0.815,-0.960,0
-0.528,0.738,-1.391,-0.524,-0.265,-0.275,-0.197,0.558,1.289,-0.579,-0.960,0
1.195,-0.546,1.176,-0.169,-0.414,-0.275,-0.835,-0.396,-1.368,1.250,0.917,1
0.219,1.409,1.227,-0.595,6.961,-0.371,0.594,-0.274,-2.016,3.021,-1.148,0
-0.011,0.012,-1.391,-0.808,-0.371,-0.944,-0.987,-0.433,-0.396,-0.107,-0.397,1
-0.241,-0.211,0.252,-0.453,-0.116,0.108,2.966,0.028,-0.720,-0.638,-0.866,0
-0.413,2.358,-1.237,-0.382,0.054,-0.849,-0.805,-0.449,-0.720,-0.579,-0.773,0
-0.528,3.671,-1.391,1.214,0.203,-1.040,-0.987,-0.078,2.066,-0.697,0.260,0
-0.356,0.906,-1.135,0.114,-0.265,-0.084,-0.592,0.346,-0.331,-0.284,-1.242,0
-0.643,-0.826,0.200,-0.382,-0.669,-0.084,-0.531,-1.074,-0.526,0.601,0.823,1
1.080,-1.105,0.971,-0.453,-0.137,-0.944,-1.139,-0.247,-1.368,-1.051,-0.022,1
0.219,0.822,-0.878,-0.666,0.054,-1.136,-1.079,0.373,-0.007,-0.048,-0.819,0
-0.069,-1.049,0.560,-0.028,-0.159,-0.371,0.320,0.558,-0.072,-1.110,-1.336,1
2.517,0.403,1.946,-0.169,-0.520,-0.944,-0.653,1.565,-1.821,-0.520,-0.491,0
-0.471,0.878,-1.032,-0.028,-0.626,-1.040,-1.139,-0.226,0.446,-0.638,0.448,0
-0.471,0.291,-1.237,1.108,-0.159,1.064,-0.014,-0.438,-1.886,-1.110,-1.148,0
-1.792,0.655,-1.391,-0.276,-0.159,-0.084,-0.562,-1.223,3.038,-0.284,1.950,1
1.712,0.515,2.049,1.888,-0.031,-0.944,-0.835,1.088,-0.590,0.188,2.794,1
-0.413,-0.155,0.098,-0.169,-0.031,-1.040,-0.987,-0.915,0.058,-0.225,1.011,1
-0.356,-1.496,0.149,-0.595,-0.605,0.394,-0.257,-0.979,-0.137,-1.110,0.354,1
1.827,0.347,1.638,0.043,-0.010,-0.275,0.077,1.088,-0.850,-0.048,0.542,1
0.506,-0.546,1.125,-0.098,-0.031,0.681,2.114,0.452,-0.526,-0.107,-0.866,0
2.402,-1.384,1.381,-0.169,-0.116,-0.371,-0.531,1.565,-1.303,4.142,-0.585,1
0.276,-0.602,-0.313,-0.028,0.096,1.638,1.263,0.786,-0.785,-0.815,-1.148,0
-0.643,-0.993,-0.056,-0.524,-0.095,1.638,0.868,0.028,0.576,-0.461,-0.866,1
-0.988,0.627,0.200,2.527,-0.095,-0.849,0.077,0.230,0.252,0.129,-0.115,0
-0.069,0.180,-0.210,0.611,-0.201,-0.179,1.749,0.452,-0.202,-0.225,-0.960,0
-0.011,0.683,-0.878,0.256,0.033,0.108,-0.197,0.680,-0.137,-0.638,-0.866,0
1.310,1.688,0.508,0.043,-0.031,0.968,0.716,0.717,-0.979,-0.815,-0.491,0
0.448,-0.714,1.536,1.462,-0.159,-0.944,-0.805,-0.120,-0.202,-0.520,1.950,1
0.851,-1.049,0.611,-0.808,-0.456,-1.231,-1.200,-1.085,-0.785,-0.638,0.917,1
-1.045,-0.379,-0.673,-0.098,0.564,-0.657,-0.288,0.304,2.261,-0.048,-0.585,0
-0.126,-0.826,1.073,-0.524,1.478,-1.040,-0.896,0.452,-0.072,2.312,-0.960,0
1.425,2.023,0.149,0.043,0.947,-0.849,0.412,0.590,-2.081,3.080,-0.209,0
-0.471,0.236,-0.981,0.043,0.033,-0.179,-0.592,-0.438,-0.072,-0.402,-0.022,1
0.391,0.068,1.125,0.256,0.139,2.403,1.932,0.770,-1.497,-0.284,-1.148,0
-1.045,0.487,-1.391,-0.453,-0.477,-0.657,-0.866,0.240,0.965,-0.048,-1.148,0
0.391,-0.323,0.200,0.114,-0.074,0.777,2.388,0.876,-0.007,-0.284,-0.960,0
0.333,-1.217,0.457,0.043,-0.669,-0.562,-0.227,-0.597,0.576,0.188,1.293,0
-0.816,1.744,-0.313,1.108,-0.286,0.012,0.564,0.887,1.418,0.365,-1.117,1
-0.356,1.046,-1.340,-0.311,-0.499,1.446,-0.105,-1.609,0.641,-0.520,1.293,1
1.310,-0.491,2.100,1.108,0.564,-0.944,-0.683,0.134,-1.627,0.011,2.794,1
-0.356,-0.100,0.046,-0.311,-0.010,0.681,0.229,0.664,0.706,0.483,-1.148,0
-0.988,0.459,-1.340,-0.453,-0.159,-0.753,-0.653,0.378,2.455,0.424,0.072,0
0.448,-0.435,0.406,-0.098,-0.159,0.681,0.959,1.035,0.446,-0.225,-0.866,0
0.448,0.738,-0.621,0.469,0.203,-0.657,0.381,1.597,-0.202,-0.697,-0.773,0
0.621,0.878,-0.827,0.114,-0.222,-0.944,-0.470,0.876,-0.785,0.247,-0.303,1
2.344,-0.602,1.125,1.462,-0.307,0.299,-0.105,0.558,-1.886,-0.284,-0.866,0
-0.471,-0.100,-1.289,-0.595,-0.074,-0.275,-0.470,-0.724,0.317,-0.697,0.072,1
1.942,-0.435,1.844,-0.240,-0.307,-0.849,-0.714,1.587,-0.655,0.188,0.448,1
2.402,0.403,1.125,1.250,0.266,-1.040,-0.987,2.254,-0.396,0.483,1.386,1
-0.011,-1.105,0.765,-0.169,-0.371,-0.657,-0.805,-1.318,0.446,0.660,2.137,1
0.161,-0.323,-0.005,-0.169,-0.690,-0.179,-0.562,-0.841,-0.850,0.837,0.729,0
-0.356,0.068,-0.056,-0.453,0.033,0.681,3.057,-0.205,-0.331,-0.402,-0.679,0
-1.045,-0.770,-0.210,4.087,-0.775,1.160,1.354,-0.820,0.835,-0.638,1.574,1
-0.643,-0.044,-1.032,-0.808,-0.286,-1.040,-0.805,0.293,0.058,0.896,-0.773,1
-0.241,0.403,-1.083,-0.666,-0.392,-0.084,0.381,-0.184,-0.072,-1.169,-0.960,0
0.448,-1.775,0.508,-0.666,-0.435,-0.944,-1.109,-0.650,-0.526,-0.461,0.635,1
1.310,-0.938,1.638,-0.240,1.372,-0.944,-0.866,0.982,-1.757,2.312,-0.960,0
1.540,-1.831,1.073,-0.382,5.431,-0.944,-0.866,0.611,-0.072,0.306,0.072,0
-0.471,-0.714,-0.467,-0.666,-0.180,0.777,0.351,-0.131,0.187,-0.461,-0.960,0
-0.184,-0.044,-0.108,-0.382,-0.201,0.299,0.381,-0.332,-0.072,-1.051,-0.209,0
-1.275,-1.161,-0.108,-0.169,-0.350,0.681,0.351,-0.221,0.706,1.840,0.166,0
-0.758,-0.155,-0.108,-0.382,-0.371,-1.231,-0.744,-0.237,-0.396,-0.166,-1.148,0
-1.333,-0.155,-1.186,-0.240,0.096,-0.275,-0.622,-0.147,0.965,-1.110,-0.397,0
0.678,-0.882,1.279,-0.382,-0.116,-0.944,-0.622,0.664,-0.850,-0.874,-0.866,0
0.965,-1.161,1.638,-0.240,-0.222,-1.231,-0.957,1.406,-0.720,0.719,-0.773,0
-0.069,1.185,-0.929,-0.382,-0.435,-1.040,-1.109,-1.360,-0.202,-0.520,1.293,1
-1.505,0.403,-1.391,-0.808,-0.520,-0.466,-0.866,-2.564,0.900,-0.579,1.668,1
-0.528,0.599,-0.878,-0.098,-0.159,0.012,-0.410,0.325,1.742,0.188,0.354,1
-0.988,0.934,-1.391,-0.311,-0.265,-0.371,0.290,0.028,1.159,0.070,-1.148,0
1.368,-0.714,1.073,-0.311,0.798,-0.084,0.077,0.664,-1.821,0.896,-0.679,1
-0.816,-0.155,-1.186,-0.737,-0.052,0.299,0.077,-0.502,0.252,0.719,-0.866,0
1.712,-1.049,0.919,-0.382,-0.116,-0.944,-0.957,1.088,-2.405,0.011,-1.148,1
-0.758,0.236,-1.289,-0.382,-0.329,0.108,-0.622,-0.528,0.317,-0.284,-0.209,0
-1.333,-0.155,-1.391,-0.808,-0.648,-0.084,-0.622,-1.201,0.317,-1.228,-0.866,0
0.276,-0.491,1.125,0.185,-0.095,0.203,1.962,0.770,-0.072,-0.343,-0.866,0
2.689,-0.323,1.125,1.250,-0.052,-0.944,0.016,2.837,-0.072,0.129,2.137,1
1.138,-0.155,0.765,-0.382,-0.392,0.490,0.138,0.770,-0.979,0.365,1.011,1
-0.528,-0.658,-0.159,-0.524,-0.456,0.203,0.016,-0.608,0.382,-0.225,-0.022,0
0.046,0.403,-0.878,-0.240,-0.052,-0.179,1.962,-0.184,-1.044,0.011,-0.585,0
0.333,-1.161,0.200,-0.382,0.011,-0.371,-0.835,-0.555,-0.914,-0.638,-0.022,1
-0.586,-0.910,1.125,-0.028,0.011,2.211,1.810,-0.078,0.317,0.719,0.542,0
-0.643,0.934,-0.724,-0.382,-0.244,-0.371,-0.805,-0.682,-0.137,-0.697,-0.303,0
-0.471,-0.826,1.536,-0.169,0.394,-1.040,-1.048,-0.369,0.317,-0.638,0.917,1
0.678,0.180,0.303,-0.098,0.033,1.829,0.624,0.240,-0.202,0.424,1.293,1
-0.816,0.571,-1.340,-0.098,-0.244,-0.179,-0.227,-0.809,0.187,-0.756,0.354,1
0.391,0.515,-1.186,-0.453,1.244,1.064,1.324,0.876,-0.979,0.247,-0.960,0
-0.471,0.571,-0.005,-0.382,-0.095,0.108,1.354,-0.311,-0.331,-0.461,-0.585,1
-0.988,0.571,-1.391,1.250,0.118,3.359,0.944,-0.618,-0.720,-1.228,-0.866,0
0.161,0.012,-0.262,-0.382,0.266,-0.849,-0.592,-0.025,-0.720,-0.579,-0.209,1
2.402,-0.379,1.125,1.391,-0.371,0.968,0.077,0.717,-1.692,-0.520,-0.773,0
1.885,-0.295,0.663,-0.808,0.075,-0.944,-0.562,0.155,-1.562,-0.048,-0.366,1
0.333,-0.267,-0.159,0.221,0.139,1.829,1.810,0.770,-1.368,-0.756,-1.148,0
0.276,0.459,-0.416,1.037,0.139,1.351,0.685,0.595,-0.590,-0.933,-0.397,1
-0.356,0.291,-1.340,-0.524,0.011,-0.371,-0.866,-0.565,0.058,-0.579,0.072,1
-1.448,-1.329,-0.056,-0.595,-0.520,-1.231,-1.079,-2.781,0.511,-0.697,2.888,1
0.736,1.967,0.046,-0.098,-0.031,1.351,3.057,0.611,-0.461,-0.756,-0.960,0
0.391,-0.435,1.125,0.043,-0.074,0.490,0.868,1.035,0.252,-0.520,-0.679,0
2.632,-0.993,1.125,2.314,-0.456,-1.040,-0.349,2.466,-0.720,0.011,1.480,1
0.391,0.291,-0.108,0.185,-0.265,-0.657,1.749,0.553,-0.526,-0.520,-0.679,0
0.965,-1.161,1.638,-0.240,-0.222,-1.231,-0.957,1.406,-0.720,0.719,-0.773,0
-0.356,0.738,-1.186,-0.666,-1.030,-1.136,-1.139,-0.290,0.576,-1.110,-0.960,0
-0.586,-0.546,-0.159,-0.028,-0.201,1.064,0.624,-0.141,1.872,-0.402,0.635,1
-0.299,-0.546,2.203,-0.453,8.003,0.586,0.624,0.346,-1.173,3.670,-0.960,0
-1.563,0.738,-1.391,-0.028,-0.456,-0.849,-0.957,-2.219,1.353,-0.461,2.325,0
0.908,0.236,-0.108,-0.382,0.351,-0.371,1.293,-0.237,-1.757,1.427,-0.303,0
0.851,-1.273,0.611,-0.595,-0.541,-1.231,-1.139,-1.032,-1.109,-0.520,1.011,1
-0.069,-1.105,0.611,-0.028,-0.286,1.255,0.047,-0.777,0.058,1.309,1.856,1
-0.299,0.655,-1.391,2.101,-0.031,-1.040,-0.866,0.982,0.576,-0.638,-0.773,1
-0.643,0.515,-1.083,0.114,-0.222,-0.084,1.172,0.378,1.289,-0.697,-0.866,0
0.678,-0.379,-0.159,0.114,0.096,-0.179,-0.075,0.664,-1.238,0.483,-0.397,1
0.046,-1.329,0.663,-0.595,-0.435,-0.753,-0.805,-0.380,0.511,-0.343,0.072,0
0.448,1.381,-0.262,-0.240,-0.180,-0.371,0.047,0.452,-0.850,-0.874,-0.773,0
-0.643,0.934,-0.724,-0.382,-0.244,-0.371,-0.805,-0.682,-0.137,-0.697,-0.303,0
0.276,-1.105,0.714,2.385,-0.307,-0.849,-1.018,-0.088,-0.072,-0.225,1.574,1
-1.218,0.291,-1.391,-0.666,-0.477,-0.753,-0.866,-0.078,1.613,1.073,-0.960,0
1.080,-1.329,1.946,-0.098,-0.265,-0.944,-0.896,-0.581,-0.590,-0.166,1.293,1
-0.816,-0.044,-0.108,0.043,-0.137,-0.562,-0.288,0.055,0.965,-0.933,0.542,0
0.161,0.599,2.100,-0.524,6.706,0.299,0.290,-0.226,-1.886,2.903,-1.054,0
1.425,-0.435,0.303,-0.028,0.245,0.394,-0.257,0.760,-0.461,0.306,0.354,0
-0.643,-1.105,0.303,-0.595,-0.563,-1.231,-1.018,-0.396,-0.526,2.607,-0.397,1
0.563,-0.826,1.073,0.895,0.947,-1.231,-1.079,-0.518,-0.526,-0.520,2.607,1
-0.471,0.236,-1.289,0.043,-0.222,-0.466,-0.349,-0.624,0.317,-0.225,0.354,1
0.908,1.185,-0.416,2.314,0.500,1.638,0.898,1.078,-1.109,-0.638,-0.960,0
-0.413,-0.379,-0.827,0.043,-0.180,-0.371,0.077,0.028,-0.655,-0.520,-0.397,0
0.219,0.962,-0.159,-0.028,2.944,-1.040,-0.957,1.247,0.058,-0.343,-1.336,1
0.736,0.180,0.200,0.185,0.033,-0.084,-0.014,0.611,-1.303,1.545,-0.397,1
0.276,-1.608,0.406,-0.595,-0.690,-0.275,-0.592,-1.488,-1.109,-0.402,0.823,1
1.138,-0.546,0.868,-0.098,2.689,-1.040,-1.048,1.406,-0.785,-0.166,-0.866,1
-0.356,0.068,-0.056,-0.453,0.033,0.681,3.057,-0.205,-0.331,-0.402,-0.679,0
0.506,-0.044,3.744,0.611,11.106,1.542,0.685,1.512,-3.700,7.919,-0.960,0
2.632,-0.155,1.433,0.185,-0.329,-0.849,-0.683,1.788,-1.433,0.129,0.448,1
-0.241,-0.044,-0.056,-0.453,-0.180,2.498,2.844,-0.184,-0.526,-0.697,-0.866,0
-0.931,1.297,-1.289,-0.524,-0.201,-0.944,-1.048,-0.396,1.548,-0.166,-0.444,0
-0.471,-0.602,0.200,-0.666,-0.159,-0.084,-0.136,0.558,-0.007,-0.107,-1.336,0
-1.275,1.046,-0.878,0.043,-0.733,-0.275,-0.592,-1.657,1.677,-0.933,1.386,0
-0.471,-0.044,0.663,-0.240,-0.584,-0.371,-0.805,-1.064,-0.331,-0.107,1.293,1
0.333,-2.278,0.919,-0.524,-0.265,-0.562,-0.774,-0.650,0.641,0.601,1.386,1
-0.069,-1.217,0.663,-0.240,-0.626,-0.944,-1.109,-0.735,-0.007,0.129,0.729,1
1.942,-1.384,1.022,-0.595,-0.711,0.108,-0.440,0.060,-1.044,0.070,0.166,1
-0.758,0.683,-1.289,-0.311,-0.456,-0.753,-0.653,0.240,1.029,0.070,-0.866,1
0.621,0.487,0.046,0.469,-0.010,0.203,0.776,1.777,-0.007,-0.756,-0.679,0
-1.045,0.571,0.303,-0.524,-0.605,0.012,-0.562,-0.761,0.317,-0.107,-0.303,1
0.333,1.940,-0.724,0.646,0.011,-1.136,-0.987,1.406,0.835,-0.815,1.011,0
-0.241,-1.943,0.663,-0.240,-0.818,2.116,0.624,-0.396,0.122,1.604,0.823,0
-0.701,0.347,-1.340,-0.169,-0.159,1.064,-0.105,-0.661,0.706,-0.461,0.260,1
-0.701,-0.379,-0.673,0.185,-0.244,-0.084,-0.288,-0.269,0.317,-0.992,0.260,0
-1.275,0.627,-1.289,-0.098,-0.392,0.968,-0.014,-1.678,1.029,-1.228,0.542,0
-0.816,-0.658,0.303,-0.240,-0.137,0.586,-0.318,-0.979,0.641,0.542,0.635,1
-0.758,-0.938,-0.313,-0.098,-0.031,0.777,0.685,-0.629,0.576,-0.756,-0.303,1
-1.563,-0.155,-0.929,-0.169,-0.818,0.108,1.597,-1.615,2.066,-0.166,2.419,0
-0.816,0.291,-0.364,-0.560,-0.626,-0.753,-0.744,-1.869,0.446,-0.992,1.199,0
1.482,-0.770,1.022,-0.524,0.649,-0.944,-0.987,0.770,-0.072,0.542,-0.585,1
0.448,-1.552,0.354,-0.382,-0.350,2.785,0.624,0.500,0.835,1.191,-0.209,1
1.712,-0.882,0.714,-0.169,0.011,-0.944,-0.926,1.088,-1.433,0.837,-1.054,0
-0.586,-0.993,-0.159,-0.382,-0.435,1.160,0.047,-0.523,0.770,-0.697,-0.397,0
0.851,-0.155,0.354,-0.169,0.139,-0.562,-0.045,1.003,-0.461,-0.343,-0.679,1
-0.758,-0.100,-0.929,-0.311,-0.541,-1.136,-1.139,-0.481,0.252,-0.697,0.072,0
-0.701,-1.049,0.046,-0.382,-0.116,1.446,0.655,0.102,0.900,-1.051,-0.960,0
-1.103,0.180,-0.621,-0.524,-0.201,0.108,0.564,-2.018,0.122,-0.343,0.072,1
-0.586,-0.826,-0.313,-0.382,-0.159,-0.849,-0.349,-0.343,0.122,-1.110,-0.866,0
0.161,1.102,-0.159,2.881,0.628,1.446,2.662,2.466,0.058,2.430,-1.054,0
0.736,-1.161,1.022,-0.808,-0.669,-0.657,-0.683,0.108,-0.590,0.955,-0.115,1
2.459,-1.217,2.306,-0.240,-0.329,-0.944,-0.531,1.035,-2.793,0.955,-0.585,1
-0.701,-0.938,0.149,-0.666,-0.159,1.829,0.716,0.097,0.835,-0.933,-0.960,0
2.976,0.012,2.665,1.604,0.691,0.681,0.928,2.678,-0.850,0.660,2.419,0
-0.931,0.794,-1.289,-0.453,-0.563,0.968,-0.136,-0.984,0.511,0.955,0.448,1
-0.931,0.068,-0.724,-0.382,-0.244,-0.084,-0.318,0.293,1.937,-0.107,-0.585,0
-0.758,0.236,-1.391,-0.382,2.179,-0.371,-0.045,0.007,-0.007,-0.343,-0.960,1
-0.643,-1.049,-0.159,-0.382,-0.350,1.351,0.168,-0.523,0.835,-0.461,-0.303,0
-0.471,0.403,-1.237,-0.524,0.160,0.873,1.597,-0.926,0.252,-0.697,-0.303,0
-0.643,0.571,-1.237,-0.240,-0.159,0.108,1.263,0.373,1.418,-0.461,-0.585,1
0.046,-0.044,-0.262,0.114,-0.074,-1.136,-0.866,0.039,-0.331,-0.520,-0.491,1
1.827,0.347,1.638,0.043,-0.010,-0.275,0.077,1.088,-0.850,-0.048,0.542,1
-1.333,0.068,-1.083,-0.524,-0.796,2.116,1.293,-2.325,-0.072,-0.933,0.119,1
0.908,-0.155,1.176,7.990,2.498,3.072,1.080,3.007,-0.979,0.542,-1.523,0
-0.241,-0.882,-0.210,-0.524,-0.222,0.681,0.077,-0.237,-0.202,0.070,-1.054,0
-0.299,0.012,-1.340,-0.666,-0.222,-1.231,-0.835,-0.926,-0.979,-1.169,-0.585,0
-0.126,1.409,-0.210,0.043,-0.605,-1.040,-0.957,0.134,0.382,-0.579,0.823,0
-0.413,-0.770,0.200,-0.169,-0.116,0.681,0.746,0.770,1.353,-0.048,-0.679,0
-0.528,-0.938,0.149,-0.524,-0.286,0.108,-0.683,-1.355,-0.461,0.247,0.917,1
0.908,0.068,0.919,-0.169,-0.350,0.012,-0.197,1.247,0.511,-0.225,-0.960,0
-0.586,-1.245,0.611,-0.950,-0.605,-0.849,-1.079,-1.821,-0.137,-0.815,1.011,1
0.276,-0.379,0.919,0.043,-0.477,-0.849,-0.866,-1.085,0.058,0.778,3.358,1
2.517,0.403,1.125,0.185,-0.265,-1.040,-0.835,1.406,-1.109,-0.520,0.917,0
0.391,0.906,-1.391,-0.098,0.011,0.299,-0.257,1.194,0.252,-0.343,-1.054,0
-0.241,-1.831,0.406,-0.595,-0.711,-0.849,-0.957,-1.148,0.058,0.837,1.386,1
-0.011,0.683,-0.878,0.256,0.033,0.108,-0.197,0.680,-0.137,-0.638,-0.866,0
-0.701,-1.049,0.046,-0.382,-0.116,1.446,0.655,0.102,0.900,-1.051,-0.960,0
0.276,-0.435,0.817,-0.808,-0.244,-0.371,-0.774,-0.655,-0.655,0.542,-0.209,1
0.965,-0.211,-0.364,6.003,-0.350,-0.275,0.107,2.519,-0.979,0.188,-1.148,1
0.448,-0.714,1.176,-0.524,-0.350,-0.849,-0.926,-1.127,-0.655,0.188,1.950,1
0.046,0.180,-0.981,-0.311,0.373,0.012,-0.075,-0.502,-1.173,-0.815,0.542,0
-0.471,-0.714,-0.775,0.327,0.096,1.255,0.199,-0.025,0.382,0.247,-0.115,1
1.080,0.794,0.611,-0.453,-0.711,-0.944,-0.896,0.452,-0.914,-1.110,-0.397,0
1.482,-0.770,1.022,-0.524,0.649,-0.944,-0.987,0.770,-0.072,0.542,-0.585,1
-0.241,-1.608,0.663,-0.666,-0.669,-0.466,-0.653,-0.025,0.058,1.250,-1.617,1
-0.413,-0.211,0.303,-0.453,-0.286,1.064,1.172,0.166,0.641,-0.461,-1.336,0
0.965,-0.602,1.176,0.611,0.415,-0.849,-0.774,0.611,-0.331,1.604,1.293,1
-0.643,-0.882,0.252,-0.382,-0.541,-0.084,-0.562,-1.085,-0.526,0.424,0.823,1
-0.299,1.632,0.098,1.250,-0.095,0.490,0.533,-0.173,-0.979,-0.756,-0.960,0
1.138,0.012,1.073,-0.028,-0.520,-0.944,-0.653,1.618,-1.238,-0.402,-1.054,1
-0.126,0.738,-0.262,-0.240,-0.392,-0.657,-0.714,0.028,-0.072,3.198,-0.115,0
0.219,0.543,-0.570,-0.382,0.288,-0.275,0.077,-0.290,-1.109,-0.520,0.542,0
-0.184,-0.826,-1.083,-0.524,-0.201,-0.371,0.077,-0.263,0.382,-0.815,-0.491,1
-0.356,0.180,-0.981,-0.028,0.564,-0.179,-0.014,0.187,-0.461,0.011,-0.773,1
0.448,-1.273,0.714,-0.382,-0.414,-0.562,-0.683,-0.804,-0.266,1.132,1.199,1
-0.701,1.744,-1.289,1.320,0.181,-1.040,-1.018,0.134,0.641,-0.520,0.542,0
-0.758,0.906,-0.981,-0.524,0.203,0.586,1.293,-0.449,0.187,-0.697,-1.148,1
-0.701,-2.055,0.868,-0.028,-0.414,0.108,-0.470,-1.837,0.252,-0.697,1.856,1
-0.758,2.498,-1.186,-0.382,-0.010,-0.371,0.624,-0.581,0.252,-0.343,-0.960,0
0.046,0.683,1.690,-0.311,0.521,-0.371,1.324,0.293,-0.720,-0.815,-1.148,0
-0.356,0.515,-1.186,0.895,-0.074,0.873,-0.045,0.558,0.187,-0.756,-0.866,0
0.965,0.347,0.200,-0.240,0.054,0.968,0.472,1.406,-0.850,-0.166,-0.209,1
0.736,1.353,-0.775,0.256,-0.116,1.351,0.837,1.009,-0.072,-0.107,-0.022,1
0.046,0.766,1.741,-0.382,0.521,-0.275,1.476,0.134,-0.979,-0.697,-1.242,0
-0.241,1.074,-1.340,-0.453,-0.244,-0.849,-0.440,-0.035,0.511,-0.697,-0.773,0
0.621,-0.155,0.354,0.753,-0.116,-1.040,-0.987,1.035,-0.137,-0.815,0.260,1
-0.356,0.906,1.125,-0.524,0.585,0.394,1.993,0.028,-0.655,0.306,-1.054,0
-0.528,1.437,-0.416,1.888,0.139,0.299,1.567,0.203,-0.979,-0.815,-0.773,1
-0.069,2.163,-0.005,-0.311,0.011,-0.849,-0.714,-0.290,-0.331,-1.110,-0.397,0
-1.563,0.068,-1.186,-0.595,-0.818,-1.040,-1.018,-1.350,2.649,-0.461,0.917,0
-0.471,-0.044,0.765,-0.169,-0.010,-0.753,-0.257,0.240,1.742,-0.284,0.072,1
0.333,-0.546,0.919,-0.453,-0.754,-0.944,-0.926,-1.032,0.252,0.247,1.950,1
-1.218,0.627,-0.929,-0.028,-0.137,-0.084,-0.622,-0.724,1.677,-0.166,1.480,0
1.195,-0.491,0.765,-0.737,1.223,1.733,0.047,0.834,0.446,1.191,-0.491,0
2.574,-1.273,2.408,0.043,0.160,-0.657,-0.562,1.406,-0.720,0.660,0.354,1
-1.850,-0.323,-1.289,-0.879,-1.136,0.203,-0.075,-2.463,3.816,-0.225,2.231,1
-0.643,0.599,-1.032,0.043,-0.222,0.012,1.202,0.389,1.289,-0.697,-0.679,0
1.080,0.068,0.508,9.125,2.689,3.742,1.476,3.680,-0.850,0.660,-1.336,1
-0.586,0.906,0.252,-0.240,-0.392,1.829,1.749,-0.226,0.122,-0.874,-0.866,0
0.046,-0.938,0.252,-0.240,-0.137,1.542,0.989,-0.184,-0.072,0.365,0.542,1
-0.069,-1.161,0.765,-0.169,0.224,-1.231,-1.139,-0.894,-0.266,-0.638,1.762,1
-1.563,0.738,-1.391,-0.240,-0.010,-1.231,-1.079,-1.572,2.584,-0.166,2.231,1
3.838,-1.775,0.868,-0.240,-0.265,-0.562,-0.683,1.751,-1.562,1.073,-1.148,1
-0.816,0.571,-1.289,-0.453,-0.201,0.203,-0.501,0.198,0.576,0.542,-0.585,0
2.057,0.236,1.176,0.043,-0.116,-0.944,-0.440,2.042,-1.238,0.719,0.260,1
-0.586,-0.267,0.252,-0.311,-0.541,1.446,0.229,0.283,-0.072,-0.048,-0.397,1
0.219,0.068,-0.056,-0.028,0.203,-0.849,-0.470,0.452,-0.266,-0.343,-1.054,1
-0.299,1.157,-0.981,-0.098,0.096,-0.562,-0.166,0.346,-0.461,0.306,-0.585,1
-0.701,0.347,-1.289,-0.169,-0.116,0.777,1.445,0.367,1.548,-0.756,-0.679,1
-0.069,1.129,-0.313,-0.595,-0.286,-1.040,-1.018,0.028,-0.720,-0.815,-0.866,0
1.138,-0.658,0.765,-0.098,2.668,-0.944,-0.987,1.406,-0.785,-0.225,-0.866,1
-0.413,2.079,-1.083,-0.028,-0.180,-1.040,-1.109,-0.025,0.511,-0.579,-0.585,0
-0.011,-1.384,1.073,-0.311,0.118,-0.944,-1.048,-1.413,-0.331,-0.225,1.856,1
-1.448,0.850,-1.289,-0.524,-0.010,0.490,1.445,-1.244,1.483,-0.815,-0.397,0
2.057,-0.714,1.946,-0.276,-0.414,-0.849,-0.592,1.088,-1.627,0.129,0.823,1
-0.413,-0.602,-0.108,0.966,0.351,1.160,1.324,0.579,-1.044,-0.520,-1.242,0
-0.758,0.403,0.149,1.391,-0.414,0.394,1.932,1.268,-0.072,3.021,-0.209,0
-0.701,0.403,-1.340,-0.169,-0.180,0.777,-0.288,-0.852,0.576,-0.284,0.448,1
-0.873,0.794,-1.391,-0.453,-0.159,0.586,-0.227,0.140,0.576,0.483,-0.679,0
0.965,-0.379,0.868,0.256,-0.477,-1.136,-1.170,-0.004,0.122,-0.225,1.668,1
-0.701,-0.993,0.098,-0.028,0.181,0.394,0.199,-0.290,0.706,-0.048,0.542,1
-0.873,-0.267,-0.981,-0.524,-0.286,2.307,0.533,-0.772,-1.238,-0.992,-0.773,0
1.023,-0.826,1.176,-0.098,0.351,-0.944,-1.018,-0.168,-0.590,-0.048,1.105,1
-0.413,1.185,-1.391,-0.453,0.266,-0.944,-1.048,-0.814,0.317,-0.402,0.542,0
1.827,-0.435,1.176,0.327,-0.201,0.299,0.016,1.883,-0.331,2.667,0.542,1
-0.701,0.906,-1.186,-0.311,-0.414,0.299,-0.592,0.198,0.835,0.070,-0.585,0
-0.471,1.018,-1.391,-0.666,0.096,0.586,-0.470,-0.210,0.446,-0.461,-0.397,1
-0.184,1.213,1.484,-0.382,0.649,1.351,2.662,0.028,-0.461,0.011,-0.960,0
0.391,1.437,-0.159,-0.595,-0.201,-0.562,-0.774,0.092,-0.137,0.070,-0.397,0
-1.563,0.068,-1.186,-0.595,-0.818,-1.040,-1.018,-1.350,2.649,-0.461,0.917,0
-0.299,0.627,-0.878,2.456,0.585,-1.040,-1.079,0.876,0.382,0.188,-0.303,1
-0.069,0.962,-0.210,-0.382,0.245,-0.179,1.050,0.293,-0.785,0.247,-0.960,0
-0.701,-0.770,-0.775,-0.311,-0.477,-0.179,-0.683,-2.240,-0.072,-0.756,2.701,1
0.104,-0.379,1.638,-0.808,6.940,0.012,-0.045,0.145,-1.821,4.024,-1.148,0
-0.816,1.744,-0.313,1.108,-0.286,0.012,0.564,0.887,1.418,0.365,-1.101,1
-0.586,-0.435,0.457,2.385,-0.286,-0.371,1.233,0.558,0.122,1.014,0.072,0
-1.160,0.850,-1.340,0.824,0.330,1.542,0.229,-0.470,1.289,0.011,0.823,1
-0.069,1.409,-1.391,-0.240,0.033,-0.275,-0.622,0.558,0.382,-1.169,-0.773,0
-0.241,1.325,-1.391,-0.382,-0.074,-0.657,-0.744,-0.295,0.122,0.129,0.448,1
0.965,-1.496,1.381,-0.453,-0.095,2.498,0.837,-1.185,-2.145,-0.166,1.293,1
0.161,1.688,-1.391,0.185,0.160,0.108,-0.105,0.781,0.122,-0.343,-0.022,1
-0.528,-0.155,1.022,-0.382,-0.031,0.490,0.807,0.134,0.317,-0.520,-1.242,0
-0.701,-0.044,-1.237,0.043,-0.244,0.490,1.385,0.373,1.224,-0.343,-0.585,0
-0.873,1.353,-1.391,-0.524,-0.456,1.733,0.168,0.452,2.001,0.129,-0.491,0
-0.299,0.180,-0.416,-0.382,-0.137,0.108,1.871,-0.290,0.058,-0.697,-0.866,0
-0.643,0.403,-1.186,-0.028,-0.244,0.203,1.263,0.373,1.418,-0.638,-0.866,0
2.057,0.291,1.998,-0.028,-0.329,-0.944,-0.288,1.300,-1.692,-0.579,-0.397,0
-0.184,-0.155,0.611,0.043,-0.116,-0.371,-0.014,0.929,0.770,-0.225,0.260,1
-0.643,-0.211,-0.159,-0.240,-0.371,-1.040,-0.318,-0.396,0.122,-1.051,-0.960,0
0.104,-0.323,-0.005,-0.453,-0.626,0.203,-0.257,-0.830,-0.979,1.132,0.635,1
-0.413,-0.211,-0.056,-0.666,3.157,-0.562,1.263,0.028,-1.303,0.837,-1.054,0
-0.184,-1.105,1.330,-0.028,0.075,0.203,1.020,0.452,0.382,0.837,-0.773,1
2.919,-1.440,1.792,0.043,-0.116,-0.944,-0.774,1.830,-0.979,0.070,-0.679,1
0.563,1.381,-0.005,0.185,-0.201,0.777,0.290,0.876,-0.007,0.070,0.166,1
0.506,0.012,-0.159,0.043,-0.201,1.160,2.814,0.601,-0.655,-0.520,-0.866,0
-0.873,-0.323,-0.981,-0.240,-0.499,0.203,-0.257,-0.645,-0.072,-0.048,-0.773,1
1.138,0.012,1.073,-0.028,-0.520,-0.944,-0.653,1.618,-1.238,-0.402,-1.054,1
-0.528,0.794,-0.775,-0.666,2.094,-1.040,-0.774,-0.396,0.511,-0.697,-0.866,0
-0.988,-0.155,-1.391,-0.524,-0.541,0.490,-0.562,-1.710,0.835,-0.638,1.762,1
0.621,-0.742,0.971,1.462,0.139,-1.231,-1.109,-0.189,-0.266,-0.107,1.668,1
-0.471,-0.100,-1.289,-0.595,-0.074,-0.275,-0.470,-0.724,0.317,-0.697,0.072,1
-0.528,-0.938,0.098,0.043,-0.010,0.968,0.776,-0.157,0.511,0.129,0.542,0
-0.816,0.068,-1.186,0.327,-0.222,-0.849,-0.592,1.035,2.455,1.486,-0.960,1
-0.241,-1.217,0.252,-0.453,-0.456,-0.179,-0.318,-1.647,0.641,-0.579,2.044,1
1.425,-1.496,0.919,0.540,-0.584,0.394,0.077,0.240,-1.173,-0.697,-0.773,0
-0.586,1.185,-0.981,-0.595,0.139,-0.562,-0.045,-0.523,-0.461,-0.933,-0.585,0
-1.390,0.459,-0.981,-0.311,-0.350,0.012,-0.683,-1.583,1.613,0.660,0.635,1
1.482,0.012,1.125,1.462,0.649,-0.562,-0.896,1.830,-1.562,-0.579,1.199,1
-0.586,-0.211,-0.878,0.043,-0.414,-1.136,-0.987,-0.597,-0.072,-1.110,0.072,0
2.804,-0.826,1.433,0.114,-0.137,-1.040,-0.926,2.042,-2.145,-0.697,-0.960,0
-0.873,0.571,-1.032,-0.311,0.033,-0.466,-0.075,-0.767,1.029,-0.638,-0.022,1
-0.988,0.962,-0.981,0.043,0.394,-0.179,-0.592,-0.051,0.835,-0.461,-0.209,0
2.287,-0.155,1.125,-0.240,0.033,-1.040,-0.987,1.830,-0.785,-1.287,-0.773,0
2.114,-0.770,1.998,0.327,0.118,-0.371,-0.501,1.512,-0.850,-0.166,0.354,1
-0.816,-0.491,-1.391,-0.808,-0.371,1.542,-0.257,-1.254,0.058,-0.461,0.917,1
-0.413,-0.546,0.098,-0.311,-0.265,0.299,0.594,0.230,0.576,-0.107,-0.866,0
1.138,-1.161,0.919,2.739,-0.307,-1.040,-1.018,0.452,-0.526,0.955,2.044,1
0.563,0.710,-0.056,-0.382,0.181,-1.040,-0.349,0.336,-0.396,-1.405,-0.773,0
-1.103,-1.217,-0.929,-0.808,-0.456,-0.084,-0.562,-1.143,0.706,0.247,-0.397,1
0.333,-2.278,0.919,-0.524,-0.265,-0.562,-0.774,-0.650,0.641,0.601,1.386,1
-0.241,-0.100,-0.108,0.256,-0.222,0.490,-0.045,0.346,1.159,1.781,1.574,1
1.138,0.347,0.765,0.185,0.054,1.829,0.807,1.194,-0.202,0.247,-0.866,1
-0.011,-1.496,0.508,-0.808,-0.244,-0.753,-0.714,0.346,-0.331,0.247,-0.773,1
1.885,-0.658,1.381,-0.737,0.160,0.586,-0.166,0.320,-1.886,0.601,-0.491,1
-0.988,0.738,-1.391,0.327,0.585,0.490,-0.470,-0.242,0.900,-0.166,-0.115,0
2.517,0.403,1.125,0.185,-0.265,-1.040,-0.835,1.406,-1.109,-0.520,0.917,0
1.885,-1.664,1.536,-0.524,-0.286,-1.231,-1.170,0.717,-1.109,0.247,-0.491,1
2.402,0.180,1.125,-0.098,-0.499,-1.040,-0.592,1.671,-1.497,1.250,0.448,0
-0.816,-0.100,-0.210,-0.382,-0.329,-0.275,-0.744,-1.254,0.576,1.073,0.729,1
1.425,-0.714,0.714,-0.240,-0.074,-0.849,-0.896,0.876,-1.497,0.070,-1.054,1
-0.471,-0.044,-0.570,-0.453,-0.052,-0.371,-0.349,0.028,0.446,-0.225,-0.866,1
1.655,-1.384,1.484,-0.453,-0.265,0.108,0.412,0.664,-0.979,-0.461,-0.585,1
0.621,-1.440,1.330,-0.098,-0.286,-0.944,-0.866,-0.290,-0.720,2.785,1.480,1
-0.299,1.967,-1.391,0.043,0.224,0.873,0.624,0.028,-0.720,0.129,-0.585,0
-0.873,1.437,-1.391,-0.098,0.351,-0.179,-0.501,-0.078,1.353,-0.638,0.260,1
-1.333,-0.155,-1.391,-0.808,-0.648,-0.084,-0.622,-1.201,0.317,-1.228,-0.866,0
-0.413,1.409,-1.391,-0.595,-0.244,1.638,-0.045,-0.332,-0.007,-0.225,0.260,1
3.091,-0.630,2.100,0.256,-0.052,0.108,-0.105,2.466,-1.627,0.837,-0.397,1
1.310,-0.155,0.919,0.043,0.670,1.733,0.655,0.177,-0.526,0.365,0.448,1
-0.069,0.599,-0.878,-0.311,-0.307,0.873,0.412,-0.194,-0.137,0.542,0.448,1
1.080,0.068,0.508,9.125,2.689,3.742,1.476,3.680,-0.850,0.660,-1.336,1
-0.643,-0.938,0.971,-0.311,-0.286,0.777,-0.075,-0.746,0.576,1.132,0.542,1
-0.931,-1.161,0.868,-0.098,-0.563,0.777,-0.379,-1.011,-0.137,0.837,1.105,1
-0.758,0.180,-0.519,-0.595,-0.477,-0.084,-0.683,-0.852,0.835,0.129,0.119,1
-0.356,2.163,-0.775,-0.240,1.180,-0.849,-0.714,-0.184,0.252,-0.048,-0.209,1
-1.218,0.236,-0.878,-0.311,-0.839,-1.136,-1.079,-1.201,0.835,0.601,0.354,1
-0.413,-0.658,-0.673,0.327,-0.010,0.490,-0.105,-0.184,0.058,-0.520,0.072,1
-0.816,1.185,-1.237,-0.169,-0.711,-0.849,-0.926,-0.883,0.900,-0.166,1.011,1
0.219,-1.329,1.279,-0.666,0.543,-0.371,-0.288,0.081,-0.396,-0.461,-0.866,0
-0.758,0.180,-0.724,-0.666,-0.222,0.873,-0.136,-0.242,0.187,-0.402,-1.148,0
0.333,0.347,0.611,-0.169,0.160,-1.040,-0.744,0.982,0.382,-0.461,-0.115,0
0.219,0.571,0.046,0.114,0.181,0.108,0.685,0.314,-0.331,-0.166,-0.209,1
-0.069,-1.608,0.354,1.817,-0.541,-0.753,-0.744,0.346,-0.590,1.663,0.448,1
-0.126,0.180,0.046,-0.595,5.962,0.012,0.290,0.028,-1.303,3.670,-1.054,0
-0.011,0.403,-0.108,-0.240,0.649,-0.657,-0.257,-0.311,-1.044,-0.756,-0.585,0
-0.471,0.291,-0.673,-0.240,-0.222,1.064,0.412,-0.237,-0.202,-0.402,-0.585,0
-1.160,-0.100,-0.724,-0.169,-0.244,1.255,-0.197,-0.534,0.706,0.542,0.542,1
-0.643,0.515,-1.083,0.114,-0.222,-0.084,1.172,0.378,1.289,-0.697,-0.866,0
1.655,-0.714,1.176,-0.382,0.245,0.299,0.107,0.574,-1.368,-0.461,-0.022,0
-0.528,1.437,-0.416,1.888,0.139,0.299,1.567,0.203,-0.979,-0.815,-0.804,1
-0.643,1.716,-1.391,-0.382,1.669,-1.136,-1.079,-0.353,0.511,-0.815,-0.397,0
-0.528,0.403,-0.056,-0.311,-0.095,0.108,1.354,-0.311,-0.137,-0.579,-0.585,1
-0.011,0.180,-0.262,-0.098,-0.116,-0.562,1.202,0.823,0.382,-0.225,-0.866,0
-0.241,-1.105,-0.210,-0.595,-0.222,0.203,-0.045,-0.263,-0.137,-0.048,-1.054,0
-0.873,0.906,-1.391,2.172,0.776,0.490,0.351,1.565,0.965,0.365,-0.209,0
-0.011,-0.602,0.560,-0.028,0.139,0.777,0.412,0.611,-0.007,0.247,0.354,1
0.104,-1.384,0.406,-0.595,-0.563,-0.944,-0.957,-0.799,-0.072,0.483,1.293,1
-0.299,1.912,-0.056,0.895,0.415,1.446,0.624,-0.035,-0.331,-1.169,-1.148,0
1.655,0.738,-0.159,-0.028,-0.052,0.012,0.199,1.353,-1.627,0.365,0.542,1
-0.586,-0.714,0.149,-0.595,-0.159,1.638,0.989,0.081,0.641,-0.048,-0.866,1
-0.011,-0.546,0.149,0.611,-0.180,-0.849,-0.379,0.601,0.317,-0.284,0.072,0
0.276,2.386,-1.135,-0.524,-0.265,-1.040,-0.835,-0.311,-0.072,-1.287,-0.773,0
0.046,1.046,-0.364,-0.098,-0.244,-0.562,-0.257,0.320,-0.007,-0.107,-0.960,0
1.712,-0.882,1.176,-0.524,0.054,0.394,0.016,0.314,-1.044,-0.520,0.072,0
-0.299,-0.155,0.149,-0.453,-0.265,-0.753,-0.744,-0.449,-0.007,-0.579,-0.022,1
-0.873,0.627,-1.237,-0.169,-0.265,-0.179,-0.470,-0.687,0.317,-0.461,-0.022,1
0.621,-0.546,-0.159,0.185,0.096,-0.179,-0.045,0.664,-0.785,0.424,-0.397,1
-0.816,3.141,-1.083,-0.311,-0.563,-0.371,-0.470,-1.032,1.289,-1.346,0.917,0
-1.218,-0.435,-0.364,-0.666,-0.392,-1.231,-0.957,-0.502,0.641,-0.579,-1.148,0
2.114,-0.826,1.484,-0.311,0.118,-0.944,-0.683,1.327,-1.109,0.306,0.448,1
-1.160,0.403,-0.878,-0.666,-0.839,-0.371,-0.622,-1.954,1.548,-0.874,1.574,0
-0.701,0.403,-1.340,-0.169,-0.180,0.777,-0.288,-0.852,0.576,-0.284,0.448,1
-0.586,-0.910,1.125,-0.028,0.011,2.211,1.810,-0.078,0.317,0.719,0.542,0
-0.643,0.291,1.381,-0.311,0.564,-1.231,-1.139,0.235,0.122,-0.520,-0.115,0
1.023,-0.546,0.663,0.043,0.096,-0.275,0.168,0.844,-0.590,-0.107,-0.397,1
0.333,-0.993,0.663,0.753,0.479,-0.371,-0.683,-0.666,-0.526,0.247,1.480,1
1.023,-1.384,0.971,-0.524,-0.796,-1.040,-1.018,0.346,-1.757,0.778,-0.209,1
0.908,0.347,-1.032,0.611,0.309,1.542,0.746,1.804,-0.007,0.306,-0.585,0
-1.390,0.459,-0.981,-0.311,-0.350,0.012,-0.683,-1.583,1.613,0.660,0.635,1
-1.333,-1.105,0.252,7.351,-0.711,-0.944,2.023,-0.544,-0.072,-0.579,1.011,0
1.253,-0.770,0.971,-0.240,-0.265,-0.179,-0.592,-0.406,-1.627,1.073,0.917,1
0.736,0.068,0.765,-0.098,-0.137,0.873,0.168,0.134,-0.720,0.306,0.917,1
-0.528,-0.993,0.303,-0.098,-0.414,-0.657,-0.622,-1.085,0.317,-0.343,1.386,1
1.253,-1.608,1.022,-0.311,-0.456,-0.944,-0.683,0.558,-1.044,1.427,0.542,1
-1.677,1.716,-0.981,-0.950,-0.881,-0.275,1.415,-2.304,1.677,1.132,2.419,1
1.253,-0.100,1.895,-0.098,0.415,-0.944,-0.957,0.293,-1.433,0.011,1.293,1
0.219,-0.602,0.919,-0.098,-0.329,1.542,0.381,-0.306,0.122,0.660,1.480,1
2.861,-1.329,2.460,0.185,-0.074,0.681,-0.105,0.982,-1.757,0.129,0.917,1
-0.299,-0.044,-0.108,-0.453,-0.137,-0.179,-0.257,0.876,0.770,-0.048,-1.336,1
-0.299,-1.049,0.508,-0.382,-0.116,0.777,0.351,-0.184,0.187,-0.402,-0.960,1
-1.103,0.627,-0.313,-0.524,-0.137,-0.179,-0.470,0.076,1.807,0.011,-0.585,0
-0.413,0.068,-0.724,-0.028,0.203,0.777,0.594,0.585,0.511,-0.284,-0.960,0
1.655,0.794,1.433,-0.169,-0.074,-0.944,-1.018,1.724,-0.914,0.306,-0.866,1
-0.413,0.571,-1.237,-0.382,-0.159,1.064,-0.105,-0.512,0.835,-0.107,0.448,1
0.563,-0.938,0.611,-0.737,-0.159,2.403,0.259,-0.120,1.029,0.424,0.448,1
1.080,-0.211,1.844,0.256,-0.329,-0.562,-0.622,0.028,-0.979,0.719,1.950,1
-0.873,-0.100,-1.340,-0.311,-0.286,-0.657,-0.653,-0.502,0.122,-0.579,-0.866,1
-0.299,0.347,0.303,-0.382,-0.286,0.777,2.236,0.028,-0.396,-0.697,-0.960,0
-1.103,0.794,-0.981,-0.311,-0.903,0.299,0.047,-0.979,1.159,-0.992,0.917,1
1.655,-0.155,2.408,1.853,0.266,-1.040,-0.896,1.512,-0.590,-0.225,0.729,0
2.459,-0.658,1.381,0.185,0.330,0.299,-0.166,1.401,-0.655,0.601,0.823,1
-0.701,0.850,-1.391,-0.169,-0.010,0.108,-0.622,0.574,0.900,-0.756,-0.866,0
-0.299,2.135,-1.032,-0.453,-0.626,0.586,0.016,-0.793,1.289,-1.346,0.260,1
0.506,0.571,-0.313,0.114,0.203,1.255,0.564,1.088,-0.202,-0.461,-0.773,0
2.057,-0.882,2.152,-0.169,-0.201,-0.371,-0.683,-0.502,-2.016,-0.048,2.231,1
-0.184,-0.826,0.868,-0.453,0.224,-0.944,-0.957,-0.608,-0.072,-0.107,0.917,1
-0.069,-1.831,0.817,-0.028,-0.244,1.446,0.138,-0.014,1.418,0.896,-0.022,1
-0.701,1.046,-1.391,-0.134,-0.350,0.490,0.016,-0.226,-0.137,-1.228,-0.960,0
-0.184,1.102,-0.159,0.185,-0.095,-0.562,0.472,0.055,0.252,-0.579,-0.397,1
-1.735,-0.323,-0.827,-0.240,-0.839,0.012,1.293,-2.611,1.483,1.309,2.982,1
-1.218,1.437,-1.391,-0.311,-0.584,-0.944,-1.018,-0.057,1.807,-0.284,-0.397,0
-0.184,0.291,-0.570,-0.382,0.691,-1.231,-1.200,-1.170,-0.590,-0.461,0.729,1
1.597,-0.491,0.765,-0.240,-0.499,-0.179,-0.835,0.442,-0.396,-0.520,-0.022,1
0.448,-0.323,1.125,0.043,0.139,2.116,1.810,0.770,-1.497,-0.402,-1.242,0
-1.160,-1.273,1.073,-0.524,-0.392,0.203,0.442,-0.449,0.835,0.719,-0.115,1
1.368,-0.993,1.330,0.043,-0.371,-1.040,-0.926,0.240,-1.044,-0.048,0.542,1
0.736,0.403,1.176,-0.169,-0.180,1.160,0.746,1.565,1.224,-0.520,-0.679,0
-0.643,0.012,-0.673,-0.311,-0.499,-0.084,-0.531,-1.864,0.252,-0.284,1.574,1
0.104,-1.161,0.765,-0.169,-0.265,-0.371,-0.835,-1.276,-1.109,0.306,1.293,1
-0.816,1.325,-0.467,-0.098,3.306,-0.992,0.047,-0.332,0.576,-0.343,-0.115,1
-0.184,-1.943,0.508,-1.163,-0.818,1.925,1.902,-3.539,-2.729,-1.287,2.137,1
0.965,-1.329,0.663,0.256,0.224,-0.562,-0.622,2.042,1.094,1.486,-0.679,0
1.885,-0.491,1.895,-0.311,-0.605,-1.040,-0.957,0.664,-0.655,0.070,-0.209,1
-0.011,-1.049,0.663,-0.098,-0.477,0.777,0.047,-0.640,0.187,1.191,0.542,1
0.965,0.291,-0.262,-0.453,-0.159,-0.657,-0.440,0.346,-1.173,-0.638,-0.866,0
-0.586,-0.100,-0.467,-0.311,-0.371,-0.371,-0.562,0.495,1.353,0.424,-0.866,1
0.104,0.319,-0.467,-0.311,-0.201,-1.040,-0.501,-0.025,-0.720,-1.051,-0.585,1
-0.413,0.766,-0.878,-0.737,-0.456,1.064,0.259,-0.104,0.511,-0.874,-1.054,0
-0.643,0.571,-1.391,-0.453,0.203,-0.179,-0.257,0.002,0.382,-0.461,-1.336,1
1.597,-0.435,2.357,0.469,-0.456,-0.944,-0.744,0.982,-0.914,0.011,0.729,1
-0.471,-0.826,1.073,0.043,-0.307,0.586,1.141,0.240,0.058,0.247,-0.773,0
-0.643,-0.826,0.560,0.185,-0.414,0.681,-0.136,-1.689,0.187,0.365,2.325,1
-0.069,0.236,-0.056,-0.240,-0.584,1.160,0.564,-0.449,-0.072,-1.346,-0.303,0
-0.471,-0.602,0.252,0.114,-0.435,-0.849,-0.653,-0.247,-0.461,-1.287,-0.022,0
0.333,-0.714,1.227,0.043,-0.754,-0.275,-0.592,-0.926,0.058,1.427,2.794,1
0.333,-2.278,0.919,-0.524,-0.265,-0.562,-0.774,-0.650,0.641,0.601,1.386,1
-1.677,-0.602,-0.005,-0.382,0.096,0.681,0.259,-1.079,3.038,-0.107,1.762,1
-0.586,0.347,-0.056,-0.382,-0.159,0.108,1.749,-0.481,-0.202,-0.815,-0.491,0
-0.413,0.655,-1.237,-0.453,-0.031,-0.179,0.320,0.081,0.382,-1.169,-0.115,0
1.770,-0.938,2.152,-0.311,0.054,-0.944,-0.774,1.724,-0.914,-0.225,-1.148,1
0.276,-1.440,0.971,-0.311,0.160,0.394,-0.531,-0.989,-0.331,-0.579,0.823,1
-0.356,-0.770,-0.775,-0.595,0.203,0.299,-0.592,-0.417,-0.979,-0.992,-0.960,0
-0.816,0.431,-0.775,5.790,-0.307,2.307,1.111,1.353,0.900,-0.815,-0.960,1
0.276,0.962,-1.391,-0.595,-0.392,-0.753,-0.835,0.140,-0.007,-0.756,-0.397,1
-0.931,-1.384,0.046,-0.098,-1.604,1.925,1.628,-3.237,-0.331,-1.582,1.199,1
-0.586,-0.100,-0.467,-0.311,-0.371,-0.371,-0.562,0.495,1.353,0.424,-0.866,1
-1.792,-1.049,-1.391,-0.524,-0.796,1.064,0.503,-2.728,2.390,0.778,3.358,1
-0.873,0.347,-1.083,2.456,-0.584,-0.466,-0.866,-0.290,0.641,-0.402,0.354,1
1.023,-1.217,0.406,-0.666,-0.265,-0.657,-0.562,-0.014,-0.461,1.014,0.729,1
1.138,-1.049,1.279,0.185,1.520,-0.084,0.868,1.618,-0.850,-0.107,-0.960,0
-1.103,1.493,-1.391,-0.240,-0.477,1.160,0.168,-1.572,1.159,-0.815,1.105,0
-0.988,-0.044,-0.981,-0.098,-0.371,-0.275,-0.622,-1.678,0.576,0.365,1.950,1
0.908,1.074,1.433,-0.595,1.032,0.777,0.168,0.410,0.252,1.663,-0.397,0
2.574,0.487,1.998,2.314,-0.095,-0.849,-0.136,2.890,-1.562,0.424,-0.397,1
-0.988,0.459,-1.340,-0.453,-0.159,-0.753,-0.653,0.378,2.455,0.424,0.072,0
-0.701,0.683,-0.467,-0.524,-0.371,-0.275,-0.197,0.134,0.835,-0.343,-1.242,0
-1.677,0.291,-0.981,-0.453,-0.605,0.394,-0.470,-1.011,1.224,-0.107,-0.209,1
-0.069,-0.714,0.200,-0.453,-0.116,-0.753,-0.683,-0.396,-0.461,0.188,0.166,1
-0.643,1.102,-1.135,1.498,-0.031,-1.136,-1.079,-0.290,0.641,-1.582,0.448,0
-0.701,0.347,-1.391,-0.311,0.075,-0.657,-0.987,-0.989,0.706,-0.638,1.011,1
0.276,-1.273,0.560,-0.169,-0.584,0.299,0.776,-0.698,0.511,0.365,1.293,1
-1.103,0.236,-1.289,-0.524,-0.435,-1.136,-1.079,0.134,0.965,0.129,-0.866,0
0.908,0.571,-0.159,-0.098,-0.222,-0.944,-0.410,0.346,-1.433,-0.520,-0.960,0
-0.701,-0.323,-1.391,-0.240,-0.435,-0.849,-0.987,-0.836,0.576,-0.461,0.448,0
-0.011,0.710,-0.775,-0.169,-0.095,-0.084,2.023,-0.078,-0.914,0.011,-0.585,0
0.621,0.347,-0.673,-0.382,-0.074,0.873,0.047,0.717,-1.109,-0.579,-0.679,0
-0.011,0.990,-0.775,0.043,0.096,-0.371,-0.562,1.406,1.289,0.365,-0.397,0
-0.069,-0.993,0.303,-0.098,-0.244,-0.466,0.016,-0.401,-0.266,0.896,0.542,1
0.161,-0.323,1.022,-0.098,-0.286,-0.849,-0.531,0.611,-1.497,-1.169,-0.866,0
-0.011,-0.211,0.457,-0.524,2.859,-0.944,-0.926,0.664,-0.850,-0.343,-0.866,1
-0.528,-0.211,-0.005,-0.311,-0.350,-0.179,-0.653,-1.519,0.252,-0.166,1.480,1
-0.299,0.403,-0.056,-0.382,-0.159,1.446,2.571,-0.279,-0.655,-0.815,-0.491,0
-0.528,0.124,-0.416,-0.524,-0.116,-0.084,-0.379,-0.104,1.159,0.129,0.072,0
-0.988,-0.491,-0.621,-0.311,-0.244,0.586,0.199,-0.555,0.058,-0.225,-1.054,0
-1.218,-0.546,-0.262,-0.524,-0.201,0.490,0.290,-0.221,1.353,-0.343,-0.866,1
1.195,0.264,1.741,0.043,-0.244,-0.466,-0.683,1.724,-0.979,0.188,-1.336,0
-1.677,1.185,-1.391,-0.950,-0.988,0.012,-0.014,-2.208,4.528,-0.402,1.950,1
-0.643,0.236,-1.135,-0.169,-0.137,0.012,-0.318,-0.587,0.446,-0.343,-0.115,1
2.344,-0.714,1.227,-0.382,-0.605,-0.944,-0.683,1.406,-1.757,-0.343,-1.054,1
0.219,-1.217,0.971,-0.808,-0.605,-0.466,-0.653,-0.078,0.317,0.601,-0.303,1
-0.184,-1.217,0.919,-0.311,2.732,-1.040,-0.926,-1.678,-1.044,0.896,1.950,1
-0.643,0.515,-1.340,-0.169,-0.477,-0.753,-0.014,-1.816,0.058,-0.874,1.293,1
-0.471,-0.044,-0.827,-0.737,-0.180,-0.466,-0.227,0.028,0.706,-0.461,-0.773,0
-0.988,1.744,-1.237,-0.169,-0.605,1.542,0.047,-0.820,1.353,-0.579,1.762,1
0.276,-0.714,0.663,-0.240,-0.180,0.299,0.168,0.664,0.835,-0.107,-1.148,0
1.597,-0.993,1.073,0.398,0.054,-1.040,-0.774,0.982,-0.914,-0.756,0.072,0
-0.126,1.912,-1.391,-0.240,-0.074,-0.562,-0.470,-0.099,-0.396,-0.933,-0.585,0
1.368,2.079,0.354,2.881,0.521,0.681,1.597,3.256,-0.590,0.129,-1.054,0
-0.528,0.599,-0.878,-0.098,-0.159,0.012,-0.410,0.325,1.742,0.188,0.354,1
-0.299,-0.155,-0.929,-0.240,0.585,-0.562,-0.136,0.187,-0.850,-0.225,-0.866,0
0.506,-0.938,0.354,-0.666,-0.541,-1.040,-1.048,-0.041,-0.720,0.070,0.072,1
-0.299,0.291,-1.289,-0.382,-0.307,-0.657,-0.866,0.028,0.317,-0.520,-0.866,1
-0.586,-0.770,0.200,-0.098,-0.286,-0.657,-0.014,-0.290,0.641,-0.697,-0.960,1
-0.184,-0.546,0.457,-0.169,-0.265,-0.562,0.047,0.452,0.187,-1.169,-0.960,0
0.104,-1.775,1.279,-0.453,0.054,-0.657,-0.714,-0.141,0.317,0.070,-0.022,0
0.161,-1.720,0.457,-0.453,-0.499,3.550,0.928,-0.375,1.029,1.250,0.542,1
-1.390,-0.491,-1.391,-0.666,-0.966,-1.231,-1.079,-1.244,1.094,1.132,1.199,1
-0.758,0.068,-1.391,-0.311,-0.180,2.211,0.259,-0.608,0.511,1.073,0.917,1
0.276,0.459,-0.673,-0.098,-0.435,-0.562,-0.136,0.081,-0.785,-0.402,-0.866,0
0.678,1.409,-0.262,-0.453,-0.222,-0.944,-0.440,1.088,-0.331,-0.579,0.166,1
0.161,-0.323,-0.005,-0.169,-0.690,-0.179,-0.562,-0.841,-0.850,0.837,0.729,0
-0.643,0.515,-1.083,-0.028,-0.201,0.108,1.141,0.378,1.289,-0.756,-0.679,0
1.195,-0.044,0.919,-0.382,-0.159,-0.944,-1.018,0.526,-0.590,0.601,0.917,1
-0.586,-1.245,0.611,-0.950,-0.605,-0.849,-1.079,-1.821,-0.137,-0.815,1.011,1
-0.011,0.543,-0.364,-0.737,-0.159,1.064,2.206,0.240,-0.979,2.726,-1.242,0
-0.069,0.347,-1.391,-0.028,0.118,0.299,0.351,1.830,1.224,-0.048,-1.054,1
2.574,0.487,1.998,2.314,-0.095,-0.849,-0.136,2.890,-1.562,0.424,-0.397,1
0.391,-0.491,1.125,-0.098,-0.201,0.968,2.266,0.558,-0.526,-0.461,-1.148,0
-0.643,0.431,-1.289,-0.453,0.181,-0.562,-0.470,-0.926,0.965,-0.756,1.293,1
-0.184,0.515,0.303,0.114,0.011,0.012,-0.288,0.240,-0.007,-0.461,0.260,1
-1.103,-0.938,1.330,-0.240,3.029,0.299,-0.349,-1.774,0.382,1.604,1.856,1
-1.275,0.403,-0.981,-0.524,-0.350,-0.179,-0.045,-1.795,0.446,-0.697,0.542,0
-0.701,-0.546,0.765,2.101,-0.350,1.160,2.479,0.293,0.706,0.306,0.072,0
-0.816,1.185,-1.237,-0.169,-0.711,-0.849,-0.926,-0.883,0.900,-0.166,1.011,1
-1.333,-1.217,1.022,0.753,-0.435,0.203,-0.136,-0.666,0.511,0.011,0.542,1
2.114,-1.384,1.125,-0.453,-0.286,-0.562,-0.774,0.452,-2.145,0.011,-0.491,1
1.195,-0.491,2.357,2.846,-0.286,2.116,0.898,1.194,-0.914,1.132,1.480,1
-0.356,0.012,-1.083,-0.595,-0.286,-0.657,-0.227,-0.316,0.252,-1.051,-0.585,1
0.851,-0.770,0.817,-0.631,-0.414,-1.040,-1.079,-1.042,-0.785,-1.169,0.917,0
0.621,-0.714,1.022,-0.028,-0.010,-0.944,-0.805,0.516,-1.044,-0.933,0.072,0
-0.873,-0.658,0.200,4.442,-0.074,0.968,-0.045,0.791,0.446,-0.107,-0.303,1
0.391,0.403,0.098,-0.382,-0.392,1.542,0.807,-0.110,0.187,-0.520,-0.397,0
0.851,-0.435,0.560,-0.028,-0.137,1.733,0.594,0.272,-1.044,-0.461,-0.585,0
-1.333,-0.602,-0.416,-0.382,-0.265,0.586,0.016,-0.809,0.511,0.719,-0.397,1
0.965,-0.993,1.022,-0.382,-0.563,-0.944,-1.079,-0.475,-0.526,-0.815,1.480,1
-0.758,-0.546,0.149,-0.382,-0.052,-0.944,-0.227,-1.742,0.122,-1.169,1.386,1
-1.218,-0.938,-0.159,-0.240,0.160,0.299,-0.136,-1.138,1.677,-0.520,1.199,1
-0.816,0.571,-1.289,-0.453,-0.201,0.203,-0.501,0.198,0.576,0.542,-0.585,0
-2.080,0.403,-0.519,-0.169,-0.626,0.108,1.810,-1.880,3.492,-0.343,2.325,1
-1.218,0.180,-0.929,-0.595,-0.733,0.777,-0.440,-1.445,1.483,-0.343,0.823,0
-0.873,0.347,-1.083,2.456,-0.584,-0.466,-0.866,-0.290,0.641,-0.402,0.354,1
0.448,-1.720,-0.159,-0.311,-0.201,-1.423,-0.562,1.194,0.641,1.250,-0.115,1
1.770,0.543,1.998,2.598,0.011,-0.944,-0.683,1.088,-1.303,1.958,2.701,1
-0.816,0.571,0.303,2.952,3.136,4.793,2.084,0.595,-0.590,-0.579,-0.866,0
-0.758,-1.720,0.149,-0.524,-0.477,0.012,-0.805,-0.014,1.937,0.955,-0.397,1
2.057,0.934,1.330,0.611,0.861,-0.849,-0.774,1.300,-0.914,1.073,1.668,1
0.391,-0.714,0.714,-0.382,-0.626,-0.084,-0.197,-1.382,-0.590,-0.343,1.668,1
0.104,-1.943,1.227,-0.560,-0.350,2.785,1.263,-0.799,0.122,0.601,1.293,1
-0.069,-0.770,0.560,-0.737,-0.626,-0.562,-0.531,-0.290,-0.331,0.483,-0.585,0
0.391,-0.379,-0.210,0.185,0.096,1.160,1.749,0.823,-1.368,-0.579,-1.148,0
1.195,-0.658,1.433,0.469,-0.244,0.586,0.229,1.512,-1.044,1.368,-0.491,1
-0.356,-0.211,-0.056,-0.453,-0.541,-0.657,-0.470,-0.078,0.511,-0.107,-0.773,0
-0.241,-1.049,0.457,-0.453,-0.477,-1.040,-1.109,-1.355,-0.266,-0.697,0.729,1
-0.413,-0.602,-0.981,0.114,-0.074,-0.084,0.047,0.028,-0.655,-0.402,-0.397,0
1.080,-0.938,1.895,0.256,0.734,-0.562,-0.166,0.664,-0.526,0.011,1.950,1
-0.471,1.353,-0.364,3.946,0.224,1.351,1.385,1.152,-0.720,-0.461,-1.148,0
-0.873,0.515,-0.981,-0.453,-0.414,1.160,-0.257,-0.125,0.706,0.955,-0.866,1
-0.471,-0.211,-0.364,0.043,5.197,-0.753,-0.987,0.028,-0.655,1.427,0.072,1
-0.299,0.124,-1.391,-0.595,-0.371,-0.849,-0.896,-0.083,-0.331,-0.107,-0.960,1
-0.528,0.515,-1.135,-0.453,-0.414,0.777,-0.136,-0.343,0.706,-0.520,1.011,1
0.621,0.878,-0.056,-0.098,-0.116,0.681,2.935,0.558,-0.202,-0.638,-0.960,0
-0.299,0.627,-1.391,-0.453,-0.329,1.064,0.259,-0.290,-0.007,-0.166,0.542,0
-0.241,0.291,-0.210,-0.169,-0.244,0.681,1.445,0.060,-0.655,-0.461,-0.866,1
0.046,0.180,-1.186,-0.382,-0.116,-0.562,-0.744,0.452,-0.590,-1.287,-0.773,0
2.517,0.347,0.919,-0.169,-0.116,-0.466,-0.744,1.724,-2.016,0.247,-1.054,1
-1.735,-0.323,-0.827,-0.240,-0.839,0.012,1.293,-2.611,1.483,1.309,2.951,1
1.425,-0.155,0.971,-0.028,-0.307,-1.040,-0.592,1.777,-1.692,-0.107,-0.866,0
-0.184,1.046,-0.262,-0.169,-0.265,-0.275,1.050,0.071,-0.461,-0.697,-0.866,1
0.563,-0.882,0.868,-0.666,-1.051,0.490,-0.136,-0.788,-0.461,0.896,0.354,1
-0.356,0.459,-0.467,-0.098,-0.095,-0.944,-0.805,-0.237,-0.137,-0.343,-0.209,1
-0.643,-1.049,0.252,-0.028,0.054,2.594,2.023,-0.078,0.058,0.778,0.635,0
-0.528,0.124,-0.262,-0.240,0.394,-0.371,0.776,-0.449,-1.692,-0.166,-1.148,0
1.368,-0.993,1.330,0.043,-0.371,-1.040,-0.926,0.240,-1.044,-0.048,0.542,1
0.563,-0.546,0.868,-0.453,-0.052,-0.657,-0.744,0.177,-0.202,-0.638,-0.866,0
2.057,-0.546,1.998,0.398,0.458,-0.562,-0.714,1.724,-1.044,1.132,-0.022,1
1.023,-0.882,0.354,-0.098,-0.052,-1.040,-0.896,0.044,-0.914,-0.048,0.166,1
-0.299,-0.491,0.046,0.114,0.266,0.203,1.476,-0.078,-0.590,0.070,-0.960,0
-0.701,1.074,-1.391,-0.524,0.755,-0.944,-0.987,-0.253,0.900,-0.461,-0.585,0
-0.471,0.236,-1.289,0.043,-0.222,-0.466,-0.349,-0.624,0.317,-0.225,0.354,1
-0.356,-0.658,2.511,-0.524,11.127,-0.753,-0.045,0.028,-1.627,3.552,-0.960,0
-1.448,2.694,1.998,-0.382,-1.030,-0.084,1.263,-1.684,2.261,-0.343,1.011,1
-0.873,0.459,-0.364,-0.524,-0.222,-0.466,0.564,0.187,1.483,-0.461,-1.054,0
-0.528,-0.882,0.817,0.043,-0.116,0.203,1.080,0.177,0.122,0.129,-0.679,1
-0.413,5.878,-1.391,-0.311,1.053,-1.040,-1.139,-1.053,1.224,-1.523,0.448,0
0.793,-1.161,1.381,-0.028,0.139,1.160,1.111,0.876,-0.202,0.955,-0.773,0
-0.586,-1.105,1.022,-0.311,-0.222,-1.040,-1.079,-0.502,0.122,-0.756,-0.115,1
1.195,0.124,-0.210,0.114,0.075,0.203,0.047,1.406,-0.590,-0.107,-0.115,1
-0.184,-1.273,1.844,-0.666,-0.137,0.012,-0.531,-0.459,-0.072,0.719,0.354,1
0.391,-0.435,1.125,0.043,-0.074,0.490,0.868,1.035,0.252,-0.520,-0.679,0
0.046,-1.049,0.765,-0.311,-0.329,0.681,-0.318,-1.498,-1.303,0.719,1.856,1
0.908,-0.491,0.971,-0.240,0.075,-0.562,-0.166,-0.194,-0.850,0.188,1.386,1
0.046,-0.770,-0.878,-0.595,-0.265,-0.944,-0.653,-0.496,-1.433,-1.346,-0.679,1
0.678,1.995,-0.005,-0.169,-0.074,1.446,2.996,0.558,-0.461,-0.756,-0.960,0
-0.643,0.291,-1.237,-0.169,-0.222,-0.849,-0.562,-0.565,0.252,-0.815,-0.397,0
-0.069,-1.608,0.354,1.817,-0.541,-0.753,-0.744,0.346,-0.590,1.663,0.448,1
-0.069,2.638,-0.929,-0.169,-0.477,-0.849,-0.288,0.055,0.058,-0.638,-1.336,1
-0.586,0.934,-1.391,-0.028,-0.265,-1.231,-1.018,0.664,1.159,-0.815,-1.148,0
2.114,0.571,1.176,-0.808,-0.350,-0.944,-0.622,0.617,-1.562,-0.343,-0.022,0
1.195,-0.658,1.433,0.469,-0.244,0.586,0.229,1.512,-1.044,1.368,-0.491,1
2.172,-0.714,1.279,-0.382,0.096,-0.084,0.229,1.724,-1.821,0.011,-0.209,0
-0.241,-0.546,-0.313,-0.666,0.394,-0.562,-0.288,-0.078,-0.914,1.486,-0.866,0
0.104,-0.882,-0.364,0.185,0.054,0.203,0.351,0.664,0.187,0.247,-0.773,1
-0.988,0.990,-1.032,-0.666,-0.244,-0.944,-0.957,-0.290,0.835,-0.461,0.260,0
0.333,-1.720,1.073,-0.524,-0.222,1.255,0.412,0.028,0.511,-0.756,-0.960,1
0.104,-0.211,-0.827,-0.169,-0.074,-0.657,0.624,0.028,-0.914,-0.756,-0.960,0
-0.758,0.515,-0.981,-0.524,-0.244,-0.753,-0.683,0.558,1.094,-0.756,-1.336,0
-2.137,-0.044,-0.621,-0.311,-0.711,-0.753,0.564,-1.774,3.816,-0.579,2.513,0
1.023,-1.217,0.868,-0.169,-0.159,0.586,-0.014,1.088,0.058,0.070,-0.679,1
-0.931,-1.384,0.046,-0.098,-1.604,1.925,1.628,-3.237,-0.331,-1.582,1.199,1
-0.586,3.029,-0.929,-0.595,1.924,-0.562,1.293,-0.290,-0.072,-0.520,-1.336,0
-0.241,1.995,-1.237,-0.524,-0.626,-1.136,-1.170,0.240,0.317,-1.937,-1.242,0
0.161,-0.882,1.946,2.739,-0.159,-1.231,-1.170,0.754,-0.266,-0.461,0.542,0
-1.045,0.794,-1.391,1.250,-0.648,-0.466,-0.805,-0.989,0.900,-0.579,1.293,0
-0.816,-0.938,-0.108,-0.098,0.224,-1.040,-0.926,-0.184,0.641,-0.343,-0.303,1
1.080,-0.658,0.817,-0.240,0.479,-0.466,-0.288,0.283,-0.979,0.070,0.354,0
-0.184,-0.435,-0.210,-0.240,0.139,0.012,-0.531,-0.290,-0.655,-0.992,-0.209,1
0.104,-1.384,1.484,-0.524,0.096,1.829,1.719,0.081,-0.072,0.542,0.072,1
-0.356,-1.496,-0.056,-0.382,-0.754,0.299,0.928,-0.873,-1.044,0.778,0.448,1
-0.643,1.102,-1.135,1.498,-0.031,-1.136,-1.079,-0.290,0.641,-1.582,0.448,0
0.506,0.347,-0.159,0.540,0.288,0.394,0.016,1.088,-0.331,0.070,-0.773,0
1.080,-1.329,1.125,0.043,-0.605,-1.040,-1.018,0.452,-1.692,0.483,0.072,1
0.161,-0.044,0.560,-0.737,0.181,-1.040,-0.866,-0.046,-0.720,-0.815,-0.960,0
-0.643,0.683,-1.289,-0.169,0.139,-1.040,-0.470,1.353,2.325,0.837,-0.679,0
-0.528,0.627,-1.032,-0.524,0.266,-0.753,-0.714,-0.343,-0.072,-0.461,-0.773,0
0.965,-0.267,-0.159,0.114,0.309,-0.275,-0.440,1.724,-0.202,-0.579,-0.397,1
-0.701,0.850,-1.391,-0.240,-0.307,-0.371,-0.744,0.081,1.094,-0.933,-1.054,0
0.046,0.515,-0.929,-0.240,-0.074,-0.466,1.871,-0.184,-1.044,0.011,-0.585,0
-0.643,-1.552,0.508,-0.028,-0.520,-0.466,-0.166,-1.249,1.353,0.837,1.856,1
0.391,0.291,-0.108,-0.382,0.351,-0.753,-0.774,0.500,-0.266,0.365,-0.773,0
-1.045,0.012,-1.083,-0.382,-0.520,1.255,-0.075,-0.984,0.446,1.014,-0.115,1
1.425,-1.161,0.868,-0.666,-0.520,0.012,-0.288,0.929,-0.590,0.719,-0.397,1
-0.988,1.828,-1.289,-0.098,-0.541,-0.084,-0.714,-0.253,1.483,-0.343,0.542,1
-0.931,-0.379,-0.159,-0.595,-0.222,0.203,-0.379,-1.032,0.511,-0.343,0.166,1
-0.413,-1.273,0.765,-0.382,-0.754,-0.944,-0.683,-0.237,0.835,0.955,1.386,1
0.448,-1.384,0.971,4.584,0.564,-1.231,-1.139,1.200,-0.850,-0.343,0.448,1
0.563,-0.211,0.457,-0.595,-0.137,-1.231,-0.987,0.145,-0.266,0.719,0.448,1
0.104,0.738,-0.364,-0.311,0.203,0.681,2.023,0.309,-1.173,-1.051,-1.148,0
-0.011,0.459,0.149,-0.311,-0.074,-0.466,0.107,0.240,0.576,-0.284,-0.209,1
-0.299,0.571,1.073,-0.595,0.266,-0.179,1.506,-0.343,-0.785,-0.225,-0.866,0
0.448,1.325,-1.186,-0.666,-0.201,-1.136,-0.987,0.664,-0.137,-0.697,-0.679,0
-0.241,-0.155,0.303,-0.382,-0.074,-0.084,2.935,0.028,-0.720,-0.638,-0.866,0
-1.045,-0.044,-0.827,-0.524,-0.307,-0.275,-0.257,-0.661,0.187,-0.815,-1.054,0
0.506,0.794,-0.878,0.327,0.075,-0.371,0.047,1.131,-0.007,-0.697,-0.866,1
-0.873,-0.267,-0.108,-0.382,-0.244,1.255,0.442,-0.767,0.187,-0.343,-0.022,0
-0.586,0.794,-0.056,-0.524,6.664,0.012,0.138,0.081,-0.979,2.844,-0.960,0
0.563,-0.546,0.868,-0.453,-0.052,-0.657,-0.744,0.177,-0.202,-0.638,-0.866,0
-0.471,0.990,-0.159,-0.524,5.792,-0.084,0.503,-0.184,-2.016,5.499,-0.866,0
0.391,1.632,-1.135,-0.098,-0.137,0.968,1.506,0.738,0.317,-0.756,-0.397,0
-0.701,0.347,-1.289,-0.169,-0.116,0.777,1.445,0.367,1.548,-0.756,-0.679,1
0.908,-0.155,1.176,7.990,2.498,3.072,1.080,3.007,-0.979,0.542,-1.523,0
0.965,0.906,-0.827,-0.808,-0.074,-0.753,-0.683,-0.512,-2.793,-1.110,-0.679,0
-0.299,0.068,-0.056,-0.382,0.011,0.681,0.047,0.717,0.641,0.483,-1.148,1
-1.160,0.236,0.046,-0.311,-0.839,-0.275,0.077,-1.594,0.641,-0.343,2.231,0
0.161,-0.435,0.200,0.043,-0.031,0.490,0.107,0.770,0.382,1.486,-0.491,1
0.333,-0.155,-0.313,-0.240,0.011,0.490,-0.227,0.092,0.122,1.014,0.635,1
0.391,1.437,-0.159,-0.595,-0.201,-0.562,-0.774,0.092,-0.137,0.070,-0.397,0
0.333,0.599,0.508,-0.595,3.731,-1.040,0.472,0.187,-2.016,2.548,-1.054,0
2.574,-1.273,2.408,0.043,0.160,-0.657,-0.562,1.406,-0.720,0.660,0.354,1
0.219,1.409,1.227,-0.595,6.961,-0.371,0.594,-0.274,-2.016,3.021,-1.148,0
0.851,-0.882,0.611,-0.028,-0.180,1.160,0.564,0.288,-0.979,-0.402,-0.585,0
-0.126,1.102,-0.262,-0.240,-0.329,-0.466,-0.166,-0.025,0.317,-0.638,-1.242,0
1.310,-1.384,0.611,9.196,-0.392,-0.944,-0.714,3.102,-1.238,0.011,-1.148,0
1.827,-0.602,1.073,0.043,-0.222,-0.753,-0.805,0.940,-1.433,-0.756,0.542,0
1.712,-0.938,1.998,-0.098,0.755,-1.231,-1.170,-0.173,-0.720,-0.756,1.386,1
0.621,-0.155,0.354,0.753,-0.116,-1.040,-0.987,1.035,-0.137,-0.815,0.260,1
0.736,0.180,-0.210,0.611,0.309,2.020,1.385,1.512,-0.072,-0.048,-0.303,0
-0.701,0.403,-1.391,-0.524,-0.286,0.012,-0.379,0.240,1.029,0.247,-0.491,1
0.161,-0.211,0.098,-0.382,0.479,0.299,2.631,0.240,-2.469,7.801,-0.585,0
-0.528,-0.044,-0.724,-0.098,-0.201,1.733,0.442,-0.777,0.770,-0.402,0.354,1
-0.643,-0.044,-1.032,-0.808,-0.286,-1.040,-0.805,0.293,0.058,0.896,-0.773,1
1.827,-1.189,1.381,-0.311,-0.074,-1.040,-0.957,1.035,-2.145,0.247,-1.148,1
-0.471,1.353,-0.364,3.946,0.224,1.351,1.385,1.152,-0.720,-0.461,-1.148,0
-0.299,0.655,-1.391,-0.382,-0.116,-0.753,-0.926,-0.184,0.446,-0.402,-0.585,1
-0.471,0.403,-1.237,-0.524,0.160,0.873,1.597,-0.926,0.252,-0.697,-0.303,0
-0.586,0.683,-1.391,-0.950,-0.477,-0.084,-0.774,-1.138,0.511,-1.110,-0.397,1
-1.333,-0.100,-1.391,-0.311,-0.499,2.307,0.229,-0.926,1.483,1.604,0.260,1
-0.758,-1.664,0.663,-0.666,-0.520,0.490,0.624,-0.820,1.224,-0.166,0.635,0
-0.643,-0.826,0.149,-0.524,-0.307,1.446,0.716,0.055,0.706,-0.402,-0.866,1
-0.413,0.878,-0.210,-0.169,0.500,0.394,1.141,-0.184,-0.655,-0.284,-1.054,0
-1.160,-0.938,-0.416,0.469,-0.265,-0.084,-0.227,-0.608,1.613,-0.815,2.137,1
-0.758,0.124,-0.724,-0.240,-0.265,-0.084,-0.349,-0.449,0.317,-0.402,-0.679,1
0.563,-1.440,0.714,-0.382,0.075,-0.944,-0.926,0.664,-0.202,0.247,-0.679,0
-0.413,-0.993,1.690,0.043,-0.307,0.681,-0.075,-0.099,0.446,0.778,0.635,1
2.229,-0.435,1.125,-0.808,-0.265,-1.231,-1.231,0.081,-1.173,-0.166,-0.022,0
1.597,-1.217,1.125,0.114,0.139,0.012,0.016,0.982,-1.238,2.135,0.166,1
0.678,0.236,-0.005,-0.169,-0.116,0.681,2.966,0.569,-0.266,-0.638,-0.960,0
0.161,-0.882,1.946,2.739,-0.159,-1.231,-1.170,0.754,-0.266,-0.461,0.542,0
1.195,-1.384,1.381,0.114,0.373,-1.040,-0.835,1.088,-0.396,-0.166,-0.866,0
-0.299,0.403,-0.056,-0.382,-0.159,1.446,2.571,-0.279,-0.655,-0.815,-0.491,0
-1.218,-0.100,-0.673,-0.453,-0.669,-0.084,-0.379,-1.477,1.094,-0.520,1.011,1
-0.988,1.744,-1.237,-0.169,-0.605,1.542,0.047,-0.820,1.353,-0.579,1.762,1
-0.586,-0.435,0.457,2.385,-0.286,-0.371,1.233,0.558,0.122,1.014,0.072,0
0.448,-1.720,-0.159,-0.311,-0.201,-1.423,-0.562,1.194,0.641,1.250,-0.115,1
0.965,0.180,-0.159,-0.240,-0.180,0.299,0.351,1.247,-0.850,-0.579,-0.303,1
0.678,1.856,-0.056,-0.453,-0.180,-0.275,-0.562,0.198,-0.396,-0.225,-0.397,0
0.276,0.878,-0.056,-0.666,0.011,0.012,-0.714,0.102,0.058,-1.110,-0.960,0
-0.758,1.409,-0.981,-0.382,0.118,-0.562,-0.835,-0.608,0.576,-1.110,-0.397,0
1.482,-1.161,1.279,-0.524,0.947,0.108,-0.075,0.314,-0.202,0.660,1.011,1
-1.850,-0.100,-0.467,-0.311,-0.966,0.012,1.658,-2.304,0.965,1.250,2.325,1
-0.586,-0.044,0.252,-0.311,-0.371,3.359,0.716,-1.360,0.187,0.955,2.325,1
0.678,0.124,1.998,-0.169,6.366,-0.371,-0.288,0.770,-0.914,0.070,-0.773,0
1.827,-1.943,1.227,1.037,0.351,-1.136,-0.714,1.512,-0.202,1.840,-0.303,1
1.195,0.459,1.125,-0.311,2.392,-1.040,-0.926,1.406,-0.979,-0.166,-1.899,0
-0.299,0.012,0.303,-0.098,-0.159,0.777,2.966,-0.104,-0.072,-0.343,-0.866,0
2.459,-0.826,1.998,0.043,0.011,-0.562,-0.166,2.254,-0.914,0.129,-0.585,1
-1.160,-0.100,-0.724,-0.169,-0.244,1.255,-0.197,-0.534,0.706,0.542,0.542,1
-0.701,0.515,-1.083,-0.879,-0.371,-1.040,-1.048,-1.350,-0.914,-1.051,-0.585,0
1.080,-1.049,1.073,-0.311,-0.754,-1.040,-1.139,-1.148,-0.720,0.188,1.574,1
0.219,0.962,-0.159,-0.028,2.944,-1.040,-0.957,1.247,0.058,-0.343,-1.336,1
1.827,-1.943,1.227,1.037,0.351,-1.136,-0.714,1.512,-0.202,1.840,-0.303,1
-0.011,-1.384,1.073,-0.311,0.118,-0.944,-1.048,-1.413,-0.331,-0.225,1.856,1
-0.471,3.280,-0.878,0.398,-0.031,-1.040,-1.048,-0.502,1.483,-0.343,0.729,0
-0.931,0.180,-0.929,0.256,-0.180,-0.849,-0.744,-0.030,0.965,-0.284,-0.209,0
-0.413,0.515,0.252,-0.240,-0.116,-0.849,0.229,-0.078,0.317,-0.815,-0.960,0
2.861,-1.049,1.279,0.469,0.139,0.108,0.199,2.466,-1.692,0.896,-0.866,1
0.793,0.906,0.252,-0.028,0.011,0.586,1.354,0.611,-0.137,-0.225,-0.303,0
-0.586,-1.049,0.303,-0.028,-0.499,0.490,-0.288,-0.820,0.252,0.660,1.574,1
-0.701,1.241,-1.340,-0.240,-0.605,-0.466,-0.866,-2.293,0.511,-1.523,2.231,1
-0.069,4.481,-1.391,-0.595,-0.137,-1.231,-1.048,-0.184,1.418,-0.992,0.448,0
2.057,0.291,1.587,-0.453,-0.350,-1.040,-0.866,0.664,-1.433,-0.166,-0.397,1
-0.988,-0.155,-1.186,-0.311,-0.414,-0.944,-0.987,-0.661,0.511,-0.107,-0.960,1
-0.931,-2.055,1.895,-0.311,-0.605,0.777,0.168,-0.958,0.187,0.306,0.729,1
-0.873,0.794,-1.289,-0.524,-0.796,-1.040,-1.079,-0.290,1.094,-0.815,-0.866,0
-1.333,-0.100,-1.391,-0.311,-0.499,2.307,0.229,-0.926,1.483,1.604,0.260,1
-0.299,0.180,-0.775,-0.382,-0.116,-0.849,-0.562,0.134,0.382,-0.933,-0.960,1
0.219,-0.658,0.714,2.598,-0.201,0.873,-0.136,-0.767,-0.461,0.660,2.044,1
-0.069,-1.384,0.663,-0.098,-0.754,-1.136,-1.109,-1.689,0.122,0.247,2.231,1
0.793,-1.217,1.022,-0.666,-0.541,-0.275,-0.410,0.823,-0.266,0.011,-0.397,1
3.091,-0.630,2.100,0.256,-0.052,0.108,-0.105,2.466,-1.627,0.837,-0.397,1
0.276,0.124,-1.186,-0.240,0.670,-0.179,0.290,-0.290,-0.655,-0.343,0.448,1
0.965,1.129,0.817,-0.169,-0.605,-0.084,-0.470,-0.078,-1.044,-0.520,0.542,0
-0.758,1.157,-1.135,-0.382,-0.137,-0.275,0.229,-0.078,0.511,-0.520,-0.585,0
0.333,-0.267,1.330,1.037,0.288,-1.231,-1.109,-0.470,-0.655,-0.402,1.574,1
-0.873,0.347,-0.878,-0.595,-0.520,1.733,0.199,-0.502,0.641,0.070,-0.679,0
-0.586,0.738,-1.391,-0.382,-0.074,-0.944,-0.714,0.823,1.937,1.781,-0.491,1
-0.241,-0.546,-0.313,-0.666,0.394,-0.562,-0.288,-0.078,-0.914,1.486,-0.866,0
-0.873,2.163,0.098,1.604,-0.371,-0.084,-0.227,-0.518,1.418,-0.697,0.635,0
1.770,-1.496,0.868,0.753,-0.350,-0.944,-0.835,0.982,-1.238,0.955,-1.054,1
0.851,-0.100,-0.416,0.469,-0.137,-0.753,-0.501,0.876,-0.526,-0.461,0.072,1
1.310,2.777,0.817,0.185,-0.159,0.490,1.141,0.929,-1.627,-0.520,-0.303,0
2.804,-0.379,1.279,-0.240,-0.350,-0.371,-0.349,2.042,-1.368,-0.579,-1.336,1
2.804,-0.379,1.279,-0.240,-0.350,-0.371,-0.349,2.042,-1.368,-0.579,-1.336,1
-0.988,0.236,-1.289,-0.311,0.585,-0.944,-0.926,-0.110,0.446,0.188,-0.866,0
-0.356,-0.211,-0.056,-0.453,-0.541,-0.657,-0.470,-0.078,0.511,-0.107,-0.773,0
1.885,-0.295,0.663,-0.808,0.075,-0.944,-0.562,0.155,-1.562,-0.048,-0.366,1
0.104,-0.882,0.252,-0.524,-0.456,0.968,0.138,-1.159,0.446,0.365,1.293,1
-0.356,2.666,-0.621,-0.311,0.309,-0.466,-0.440,-0.375,-0.526,-1.051,-0.397,0
0.104,-0.714,0.663,2.668,-0.796,-1.231,-1.109,-0.576,-0.202,-0.579,1.480,0
-1.333,-0.211,-1.391,-0.169,-0.414,-0.084,-0.410,-2.028,1.742,-0.402,1.950,1
-1.735,0.236,-1.340,-0.595,-0.711,-1.040,-0.592,-1.774,1.677,1.073,1.950,1
-0.011,0.291,-0.724,0.256,0.181,-0.179,0.503,0.876,-0.914,-0.225,-1.242,1
-0.816,-0.714,-0.159,-0.028,-0.095,1.351,-0.045,-0.449,-0.331,-0.461,-0.397,0
-0.413,1.046,-1.391,-0.311,-0.414,1.351,-0.349,-0.751,1.094,-0.048,0.917,1
-0.528,0.627,-0.519,2.030,1.712,3.455,1.567,0.325,-0.202,-0.933,-0.866,0
-1.045,-0.379,-0.673,-0.098,0.564,-0.657,-0.288,0.304,2.261,-0.048,-0.585,0
0.276,0.459,-0.673,-0.098,-0.435,-0.562,-0.136,0.081,-0.785,-0.402,-0.866,0
0.333,1.213,-0.467,-0.028,-0.222,-0.084,0.047,0.341,-0.720,-1.110,-0.679,1
-0.931,-0.379,-0.159,-0.595,-0.222,0.203,-0.379,-1.032,0.511,-0.343,0.166,1
-0.643,2.638,-1.391,0.327,0.309,-0.849,-0.926,-0.470,0.770,-1.169,-0.397,0
-0.873,0.683,-1.289,-0.311,-0.201,-0.753,-0.957,-0.936,0.252,-0.225,-0.022,1
-0.413,-0.100,-0.159,-0.098,0.075,-0.753,-0.257,0.664,1.029,0.011,-0.773,1
-0.299,0.096,-0.775,-0.028,-0.414,-0.466,-0.349,-0.396,0.187,-0.284,1.105,1
-0.413,1.157,-1.289,-0.028,-0.350,-0.562,-0.987,-0.724,1.289,0.306,1.199,1
-0.528,0.403,-0.056,-0.311,-0.095,0.108,1.354,-0.311,-0.137,-0.579,-0.585,1
3.436,-1.217,2.408,-0.524,-0.265,-0.944,-0.957,2.148,-2.923,0.778,-1.899,1
0.219,-0.044,-0.929,-0.028,0.075,0.394,0.077,0.452,0.187,1.191,0.166,1
-0.758,0.403,0.149,1.391,-0.414,0.394,1.932,1.268,-0.072,3.021,-0.209,0
-0.758,0.906,-1.032,-0.028,0.075,-0.084,-0.774,-0.544,0.446,-0.343,0.823,1
1.253,-0.546,0.406,0.540,0.096,0.777,0.716,0.654,-0.655,0.188,0.072,1
1.942,-0.211,1.125,-0.240,-0.095,-1.040,-0.957,1.724,-0.785,-1.346,-1.148,0
0.333,0.515,-0.467,0.895,1.882,3.455,2.996,0.982,-0.979,1.309,-1.148,0
-1.390,-0.742,-0.724,-0.098,-0.669,-0.179,-0.562,-1.657,2.001,0.070,1.856,1
-0.356,-0.770,-0.775,-0.595,0.203,0.299,-0.592,-0.417,-0.979,-0.992,-0.960,0
0.219,-0.267,0.149,0.185,-0.456,-0.562,-0.562,-0.184,0.122,0.070,0.729,1
-1.103,0.012,-0.929,0.966,0.755,-0.179,-0.470,0.028,1.224,0.070,0.542,0
0.563,-0.938,0.611,-0.737,-0.159,2.403,0.259,-0.120,1.029,0.424,0.448,1
-0.643,0.738,0.303,-0.028,-0.414,1.733,1.689,-1.382,-0.266,0.719,2.231,1
-0.643,-0.882,0.252,-0.382,-0.541,-0.084,-0.562,-1.085,-0.526,0.424,0.823,1
-0.758,0.906,-1.032,-0.028,0.075,-0.084,-0.774,-0.544,0.446,-0.343,0.823,1
-1.677,1.185,-0.929,-0.595,0.033,0.012,-0.622,-1.445,2.325,-0.579,1.105,1
0.448,-0.882,0.252,-0.311,-0.499,-1.136,-0.957,-0.523,-0.072,0.837,0.729,1
-0.241,0.096,-1.083,1.037,-0.010,1.064,0.442,-0.131,0.317,0.070,0.260,1
-0.758,0.906,-1.032,-0.028,0.075,-0.084,-0.774,-0.544,0.446,-0.343,0.823,1
0.161,-0.602,0.611,-0.524,-0.414,-0.944,-1.048,-0.841,0.252,0.188,1.199,1
-0.701,-1.217,0.149,-0.240,-0.733,1.925,2.449,-0.131,-2.405,5.676,-0.866,0
0.161,0.124,-0.929,0.540,-0.414,-0.753,-0.896,0.320,-0.526,-1.287,-0.397,0
-0.586,0.319,-0.467,-0.098,-0.201,-0.084,0.412,-0.194,-0.007,-0.697,-0.585,0
-1.333,0.291,-0.364,-0.098,-0.265,-0.084,0.107,-1.101,1.742,0.070,1.950,1
-1.448,0.459,-0.827,-0.524,-0.456,0.203,-0.562,-1.016,1.548,0.011,0.448,1
-0.126,1.912,-1.391,-0.240,-0.074,-0.562,-0.470,-0.099,-0.396,-0.933,-0.585,0
-0.816,0.180,-1.237,-0.737,-0.031,1.925,-0.014,-0.809,1.418,-0.520,0.166,0
-0.528,0.012,-0.056,-0.382,0.288,0.012,0.776,-0.555,-1.044,-0.520,-0.960,0
-0.758,0.710,-0.570,-0.311,-0.286,-0.753,-0.653,-0.364,0.382,-0.638,-0.679,0
0.563,0.710,-0.056,-0.382,0.181,-1.040,-0.349,0.336,-0.396,-1.405,-0.773,0
-0.528,0.962,-1.391,-0.453,-0.244,-0.466,-0.379,0.558,1.289,-0.579,-0.960,0
-0.701,0.738,-1.391,-0.098,-0.754,-0.944,-1.079,-1.890,0.252,0.011,2.137,1
-0.299,0.180,-0.416,-0.524,0.351,-0.371,0.016,-0.184,-0.785,1.604,-0.866,0
-0.528,0.012,-0.775,-0.453,1.648,-1.136,-1.048,0.145,-0.331,1.191,-1.148,0
1.138,-0.491,1.176,1.391,0.415,-1.040,-1.018,0.664,-0.202,1.014,1.011,0
-0.184,0.347,-0.570,-0.524,-0.477,-1.231,-0.926,-0.290,0.706,1.545,0.072,1
4.183,0.655,1.125,1.179,0.160,-0.562,-0.714,3.394,-2.534,0.483,0.635,0
1.080,-0.602,1.536,0.611,-0.371,-1.136,-1.109,0.187,-1.757,-0.166,-0.773,0
-0.701,0.794,-1.391,-0.169,-0.095,0.203,-0.592,0.495,0.835,-0.697,-0.960,0
0.908,-0.993,0.714,-0.169,-0.095,-0.466,0.442,0.770,-0.655,-0.933,-0.866,0
0.563,-1.161,1.536,-0.382,-0.286,1.064,0.564,0.081,-0.202,0.778,0.260,0
0.563,-0.938,0.611,-0.737,-0.159,2.403,0.259,-0.120,1.029,0.424,0.448,1
-0.011,0.822,-0.056,-0.311,-0.074,-0.466,-0.105,0.452,-0.007,-0.756,-1.148,0
1.540,-1.273,1.587,-0.311,-0.711,-0.849,-0.835,0.664,-0.007,1.309,0.072,1
0.219,1.325,-0.262,-0.169,-0.499,-0.657,-0.136,-0.237,-1.368,-0.638,-0.960,0
-0.586,-0.267,0.252,-0.311,-0.541,1.446,0.229,0.283,-0.072,-0.048,-0.397,1
0.391,1.632,-0.673,0.043,0.033,-0.657,-0.714,0.876,0.511,-0.166,-0.585,0
-0.241,0.738,-1.391,-0.808,0.181,-0.944,-1.018,-0.560,0.770,-0.461,-0.866,0
1.080,-0.491,1.587,1.108,0.096,-0.466,-0.683,0.373,-0.137,1.958,1.480,1
-0.069,0.627,-0.005,-0.382,0.160,-1.040,0.928,0.383,-1.173,-0.225,-1.242,1
-0.873,1.688,-0.929,-0.524,-0.286,-1.136,-0.653,-0.746,0.446,-1.228,-0.773,0
0.448,-0.044,0.303,-0.879,-0.371,-0.657,-0.501,0.558,-0.461,-0.343,-1.054,0
0.276,-1.608,1.381,-0.028,-0.095,0.873,0.320,0.823,0.511,-0.697,-1.148,0
-1.563,0.738,-1.391,-0.240,-0.010,-1.231,-1.079,-1.572,2.584,-0.166,2.231,1
0.506,0.180,-0.467,-0.666,-0.201,-0.562,-0.774,-0.523,-1.044,-0.992,-0.491,0
0.391,-0.826,0.714,-0.098,0.330,-0.944,-1.109,-0.375,-1.173,-0.461,1.386,1
-0.299,-1.161,0.868,0.114,0.351,-0.753,-0.896,0.304,0.122,0.719,0.542,1
0.448,-0.938,0.611,-0.524,-0.584,0.490,0.259,-0.952,-0.850,0.955,0.542,1
0.104,0.710,1.125,2.527,0.734,1.733,3.179,2.254,-0.007,2.844,-1.054,0
-0.643,0.459,-0.981,1.037,-0.116,0.968,1.871,-0.178,-0.396,-0.874,-0.960,0
1.885,-0.658,1.587,0.185,0.181,0.873,1.658,1.852,-1.173,-0.756,-0.397,0
-0.069,-1.384,0.663,-0.098,-0.754,-1.136,-1.109,-1.689,0.122,0.247,2.231,1
-0.356,-1.943,0.354,0.114,-0.456,-0.084,0.351,-1.085,0.382,0.719,1.293,1
-0.931,-0.379,-0.159,-0.595,-0.222,0.203,-0.379,-1.032,0.511,-0.343,0.166,1
1.253,-0.938,1.022,-0.240,-0.286,-0.657,-0.714,-0.194,-0.526,0.601,1.480,1
1.827,-0.993,1.125,0.540,-0.371,-0.562,-0.288,1.883,0.058,1.486,0.542,1
-0.471,0.124,-0.159,-0.382,-0.201,-0.562,-0.562,0.823,0.900,0.719,-0.866,1
1.368,-0.714,0.508,-0.453,-0.137,0.108,-0.531,-0.004,-1.238,-0.048,0.729,1
0.506,-0.658,1.176,-0.028,-0.690,-0.371,-0.653,-0.820,0.187,0.778,2.701,1
-0.758,-0.602,-0.416,-0.169,-0.350,0.203,-0.318,-1.053,0.511,-0.579,0.448,0
-1.275,0.180,-1.391,-0.240,-0.180,-0.944,-1.139,-1.032,1.807,-0.697,1.011,1
-0.126,0.012,-0.262,-0.240,-0.201,1.638,1.293,0.018,-0.331,-1.169,-0.773,1
-0.528,1.185,-1.032,-0.595,-0.031,-0.084,0.047,-0.915,-1.238,-1.051,-0.397,0
0.333,0.459,1.125,-0.382,3.880,0.681,1.932,0.240,-1.238,2.135,-1.054,0
-1.563,1.800,-1.135,-0.808,-0.903,-0.371,1.263,-2.304,1.613,0.955,2.325,1
0.736,-0.826,0.765,-0.453,-0.350,-1.040,-1.018,-0.083,-1.044,0.542,0.072,1
-0.816,0.878,-1.391,-0.028,0.373,0.586,-0.288,-0.078,0.965,-0.520,0.166,1
-0.126,0.264,-0.262,-0.311,-0.222,-0.371,0.564,-0.025,-0.137,-0.874,-1.148,0
-0.643,0.068,-0.005,0.043,-0.074,-0.371,0.959,-0.184,0.511,0.306,0.542,0
-0.471,-1.217,0.714,-0.098,-0.477,1.733,0.412,-0.968,0.187,1.132,0.917,1
-1.792,-0.211,-0.056,-0.169,0.054,0.681,0.837,-0.767,2.584,-0.225,1.668,1
-1.850,-0.602,-1.391,-0.524,-0.924,0.203,1.263,-2.744,2.390,0.424,2.982,1
-0.069,1.995,-0.364,-0.808,-0.031,-0.849,-0.470,-1.138,-1.303,-1.169,-0.397,0
0.046,0.180,-1.186,-0.382,-0.116,-0.562,-0.744,0.452,-0.590,-1.287,-0.773,0
3.264,-0.658,1.844,0.895,0.033,-0.944,0.016,2.466,-1.951,0.896,0.354,1
-0.931,0.515,-0.313,-0.453,-0.180,-0.753,0.472,0.134,1.353,-0.461,-1.054,1
2.229,-1.049,1.176,-0.098,-0.456,-0.562,-0.774,1.724,-1.238,3.080,-1.148,1
-0.299,-0.546,0.252,0.185,-0.159,1.255,0.351,0.346,-0.007,-0.107,-0.115,0
-0.931,-0.602,-0.005,4.300,-0.414,0.777,3.087,-1.032,-0.979,-0.520,0.823,1
-0.299,0.403,-0.056,-0.382,-0.159,1.446,2.571,-0.279,-0.655,-0.815,-0.491,0
0.793,0.906,0.252,-0.028,0.011,0.586,1.354,0.611,-0.137,-0.225,-0.303,0
-0.701,1.018,-1.391,-0.453,-0.159,-0.179,-0.349,0.240,1.029,-0.638,-0.960,0
-0.184,-1.943,0.508,-1.163,-0.818,1.925,1.902,-3.539,-2.729,-1.287,2.137,1
-1.850,0.319,-1.391,-0.595,-0.924,-0.179,1.202,-2.177,1.613,1.663,2.325,1
-0.184,-0.602,-0.519,-0.382,-0.307,-0.944,-0.866,0.240,-0.137,-0.284,-1.148,1
0.563,1.046,-0.159,-0.311,-0.371,-1.040,-0.805,-0.078,-1.238,-0.402,-0.491,0
-0.528,0.850,-0.570,-0.524,-0.201,-0.371,-0.227,0.505,1.224,0.247,-0.491,1
0.276,0.403,0.098,-0.240,0.224,-1.040,-0.957,1.088,0.317,-0.992,-1.242,0
-1.563,-1.217,2.614,8.061,-0.286,0.681,1.385,0.012,0.511,-1.051,0.072,1
1.080,-1.664,0.508,-0.240,-0.648,-0.179,-0.318,-0.322,-0.526,-0.992,-1.054,0
1.080,0.655,0.457,-0.524,-0.733,-1.040,-0.987,0.770,-0.914,-1.405,-0.397,1
4.183,0.878,2.511,0.824,0.266,-0.944,-0.105,3.420,-2.340,0.129,0.729,1
0.506,-0.546,1.279,-0.169,-0.095,-0.179,-0.714,0.452,0.252,-0.284,0.823,1
-0.356,2.414,-0.364,-0.382,-0.860,-0.084,0.412,-0.661,0.317,-1.287,0.448,0
0.333,-1.329,0.406,-0.453,-0.435,0.873,0.320,0.134,-0.850,4.142,-0.115,1
-1.275,-0.714,-0.570,-0.524,-0.392,-0.466,-0.653,-0.661,0.706,0.483,-0.303,1
2.574,1.744,1.844,-0.098,0.011,-0.275,-0.349,1.565,-1.368,-0.343,-0.022,1
1.253,0.347,1.125,-0.311,-0.371,-0.179,0.016,1.247,-0.072,-0.579,-0.773,0
1.597,-0.602,1.022,0.079,-0.052,-0.657,-0.379,0.325,-0.461,0.660,1.574,1
0.793,0.738,0.354,0.043,0.139,-0.371,1.263,0.643,-0.331,0.011,-0.303,0
-0.241,0.906,-0.313,-0.311,-0.159,1.638,2.875,-0.290,-0.396,-0.874,-0.491,0
0.908,-0.714,1.330,2.952,0.203,-0.944,-0.835,0.982,-0.266,0.955,1.199,1
0.391,-0.546,0.354,-0.028,-0.159,0.968,1.202,1.035,0.446,-0.225,-0.866,1
-0.643,0.571,-1.391,-0.453,0.203,-0.179,-0.257,0.002,0.382,-0.461,-1.336,1
-0.356,0.906,-0.262,-0.453,-0.074,0.203,1.445,-0.343,-0.007,-1.051,-0.866,0
-0.643,-0.770,0.252,-0.524,-0.477,1.733,0.412,0.208,0.965,0.719,-0.491,0
-0.586,0.738,-1.391,-0.382,-0.074,-0.944,-0.714,0.823,1.937,1.781,-0.491,1
-0.126,0.096,-0.467,-0.453,-0.159,-0.275,-0.349,0.240,-0.072,-0.402,-1.336,1
-1.792,-1.049,-1.391,-0.524,-0.796,1.064,0.503,-2.728,2.390,0.778,3.358,1
-0.241,-1.329,1.125,-0.240,0.181,0.490,0.381,0.208,-0.007,0.070,-0.303,1
0.448,-1.049,0.765,-0.524,-0.626,-0.657,-0.866,-1.498,-0.850,-0.638,0.917,0
-0.758,0.291,-0.775,-0.453,0.075,1.733,2.358,-0.608,0.835,-1.051,0.072,0
0.333,0.515,-0.416,0.966,1.754,3.359,3.087,0.982,-0.914,1.604,-1.148,0
-1.563,0.487,-1.391,-0.666,0.033,0.012,0.381,-1.297,1.742,-0.815,-0.491,0
-1.103,-0.882,-0.108,-0.453,-0.286,0.490,0.077,0.346,1.677,-0.225,-0.585,1
1.482,-0.882,1.587,1.037,-0.350,0.108,0.564,1.380,-0.590,0.719,-0.303,0
-0.643,0.236,-1.135,-0.169,-0.137,0.012,-0.318,-0.587,0.446,-0.343,-0.115,1
2.459,-0.770,1.125,-0.028,-0.159,-0.753,-0.805,1.300,-1.562,0.955,-0.115,1
0.908,-1.552,0.971,-0.595,-0.541,0.968,-0.136,-0.449,-0.850,1.014,0.166,1
4.125,0.655,1.125,1.179,0.160,-0.562,-0.714,3.394,-2.534,0.483,0.635,0
-0.356,0.403,-1.391,0.043,-0.690,-0.849,-1.018,-0.189,0.446,-0.579,0.354,0
-0.873,0.180,-0.262,-0.524,-0.286,-0.084,-0.683,-1.254,0.576,0.955,0.729,1
-0.413,-0.546,0.663,0.114,-0.116,-0.944,-1.079,-0.724,0.835,-0.697,1.668,1
0.276,0.459,0.149,0.185,0.011,0.108,-0.014,0.452,-0.331,-0.874,-1.054,0
-1.045,-1.049,-0.005,0.185,-0.435,-0.753,-0.075,-1.541,-0.655,-0.579,1.480,1
-0.069,-1.664,0.765,-0.453,-0.392,-0.657,-0.896,-1.583,-0.655,-0.697,1.762,1
0.276,0.627,-0.519,0.256,-0.074,0.873,2.540,0.760,-0.526,-0.697,-0.773,0
-0.241,-0.714,0.098,-0.524,1.478,-1.423,-0.075,0.293,-0.072,1.545,-0.866,1
-0.816,0.794,-1.083,-0.311,-0.159,-0.753,-0.410,0.903,2.390,0.306,-0.773,0
0.563,-0.770,0.663,0.043,-0.307,-0.562,-0.622,0.876,0.187,0.542,-0.209,1
1.080,0.794,0.611,-0.453,-0.711,-0.944,-0.896,0.452,-0.914,-1.110,-0.397,0
-0.126,0.794,1.433,-0.524,0.628,1.542,2.875,0.028,-0.914,-0.225,-0.960,0
-0.931,0.962,-0.981,0.859,-0.435,-0.753,-0.926,-1.806,0.770,-0.815,2.044,0
-0.873,0.627,-1.391,0.114,0.755,-0.084,-0.410,-0.724,0.835,-0.166,0.823,1
-0.069,-1.105,0.252,0.185,-0.435,-1.136,-1.048,-1.069,-0.072,0.601,2.231,1
-0.356,0.291,-0.878,-0.524,0.309,1.160,1.902,-0.581,-1.497,-0.992,-0.585,1
-0.241,0.068,0.354,-0.028,-0.244,-0.753,-0.896,-2.330,-0.720,0.365,2.513,1
0.219,0.906,0.200,0.327,-0.031,0.681,1.050,1.830,1.094,0.483,1.105,1
-0.471,0.683,-0.467,3.165,0.011,1.064,1.445,1.274,0.446,0.660,-0.960,0
-1.045,1.967,-1.237,2.172,-0.180,0.681,0.016,-0.544,1.742,-0.933,0.729,0
-0.184,1.353,0.252,-0.311,-0.180,0.012,0.837,-0.099,-0.266,-0.933,-0.585,1
-0.528,-0.770,1.073,-0.382,-0.116,-0.179,0.624,0.240,0.187,-0.638,-1.148,0
-0.069,-0.155,0.406,0.256,-0.222,0.490,2.449,0.452,-0.526,-0.225,-0.960,0
-0.184,1.046,-0.262,-0.169,-0.265,-0.275,1.050,0.071,-0.461,-0.697,-0.866,1
-1.103,-0.770,0.303,0.540,-0.881,-0.371,0.199,-2.018,0.317,-0.225,1.668,1
-1.218,0.403,-0.981,-0.382,0.054,1.542,-0.075,-0.979,0.900,-0.461,0.072,0
-0.701,-0.546,-0.519,-0.524,-0.116,1.064,0.138,-0.216,1.159,-0.107,-0.022,0
-0.356,0.794,-0.210,-0.311,0.011,0.108,1.506,-0.290,0.058,-1.051,-0.866,0
-0.299,0.124,0.406,-0.240,-0.286,0.490,0.594,0.346,-0.396,-0.579,-1.148,0
0.678,1.157,-0.878,-0.311,-0.180,-0.944,-0.470,0.982,-0.526,-0.579,-0.303,1
-0.701,-1.720,1.125,-0.524,-1.030,-0.753,-0.866,-1.753,0.511,-0.579,1.856,1
-0.069,-0.770,1.125,-0.169,0.245,2.977,2.631,0.611,0.446,1.958,-0.585,0
0.793,-1.301,0.663,-0.737,-0.307,-0.179,-0.774,-0.629,-1.109,-0.874,0.448,1
-0.701,0.738,-1.391,0.966,-0.031,0.108,-0.045,0.452,0.965,-0.697,-0.866,0
0.161,-0.211,0.046,-0.453,0.479,0.394,2.723,0.240,-2.469,7.624,-0.491,1
-0.931,-0.267,-1.289,-0.240,-0.159,1.925,1.962,-0.799,-1.368,-0.756,-0.679,0
-0.643,-0.938,0.971,-0.311,-0.286,0.777,-0.075,-0.746,0.576,1.132,0.542,1
-0.011,1.046,-0.621,-0.524,0.033,-0.562,0.168,0.028,-0.526,0.660,-0.866,0
-0.011,1.409,-0.878,0.043,-0.137,2.785,1.233,0.823,1.094,-0.756,-0.397,0
-1.563,0.515,-1.237,-0.737,-0.159,-0.944,-1.018,-0.936,2.261,-0.225,-0.303,0
-0.988,-0.155,-1.340,-0.737,-0.584,0.108,-0.622,-0.820,0.576,-0.461,-0.585,1
0.506,2.191,-0.159,0.043,-0.010,-0.371,1.415,1.618,1.094,-0.697,-0.585,0
-1.103,1.995,-1.391,-0.169,1.669,-0.944,-1.048,-0.655,1.613,-0.874,0.354,0
1.253,-1.496,1.022,-0.453,-0.201,-0.944,-0.683,0.452,-0.850,2.253,0.448,1
0.161,-0.211,1.227,-0.382,7.110,0.012,0.472,0.611,-1.821,3.021,-1.336,0
0.219,1.744,-1.391,-0.808,-0.477,0.777,-0.410,-0.714,-0.266,-0.638,-0.679,0
2.114,-0.882,2.511,1.179,-0.456,-0.849,-0.257,1.936,-0.590,-0.343,2.419,1
-1.218,-0.044,-0.981,1.320,-0.350,-0.466,-0.440,-0.152,1.613,-0.166,1.105,1
-0.931,0.291,-0.981,-0.524,0.203,-0.084,0.564,-0.449,-0.202,-0.697,-1.148,0
-0.299,-0.658,2.100,-0.595,8.066,0.203,0.685,0.293,-1.497,3.847,-1.054,0
0.736,1.353,-0.775,0.256,-0.116,1.351,0.837,1.009,-0.072,-0.107,-0.022,1
0.563,-1.105,0.919,-0.737,-0.648,0.299,-0.288,-0.936,-0.850,1.368,0.635,1
2.287,-1.440,1.125,0.398,-0.180,1.160,-0.014,1.353,-0.720,0.837,-0.209,1
0.621,-1.440,1.330,-0.098,-0.286,-0.944,-0.866,-0.290,-0.720,2.785,1.480,1
-0.528,-0.323,0.971,-0.240,0.564,-0.849,-0.805,-0.147,0.058,-0.166,0.072,0
-0.299,1.604,-1.340,0.043,-0.286,3.072,1.324,-0.284,0.446,-0.225,0.354,0
0.448,0.627,-0.210,0.398,0.160,-0.275,-0.257,1.618,-0.202,-0.402,-0.679,0
0.333,-1.608,0.611,-0.666,-0.286,-1.231,-1.109,0.124,-1.238,-0.402,-0.866,1
-0.873,0.683,-1.289,-0.311,-0.201,-0.753,-0.957,-0.936,0.252,-0.225,-0.022,1
2.287,-0.770,1.844,-0.169,0.075,-0.944,-0.866,1.936,-0.979,-0.992,-0.866,0
-0.586,0.794,-1.289,-0.240,-0.329,1.446,1.385,-0.576,0.058,0.129,0.635,1
-0.413,-0.267,0.200,0.185,-0.371,-1.136,-0.957,0.097,-0.590,-0.638,-0.115,1
-0.471,0.291,-0.364,-0.382,-0.307,1.733,-0.075,-0.958,-1.368,-1.346,-1.054,0
-1.275,0.347,-1.340,-0.311,-0.669,-1.040,-1.018,-1.074,1.353,-0.579,0.917,0
-0.643,-0.211,-0.467,0.114,-0.392,-0.275,-0.379,-0.025,-0.137,-1.051,-1.148,1
0.391,0.738,-0.519,0.327,-0.222,-1.040,-1.018,0.452,-0.137,-0.638,-0.022,0
-0.586,2.135,-0.878,-0.524,-0.286,0.394,0.290,-0.014,0.252,-0.579,-1.148,0
-1.103,0.627,-0.313,-0.524,-0.137,-0.179,-0.470,0.076,1.807,0.011,-0.585,0
-0.528,-1.552,0.098,-0.240,-0.711,0.299,0.077,-0.046,0.576,0.601,0.448,1
-0.356,0.571,-0.981,-0.453,-0.244,-0.084,-0.592,-0.025,0.058,-0.697,-0.866,1
0.506,0.291,-0.364,0.327,-0.137,-0.084,2.084,0.664,-0.526,-0.402,-0.866,0
-0.241,0.096,-1.083,1.037,-0.010,1.064,0.442,-0.131,0.317,0.070,0.260,1
1.770,-0.379,1.176,0.114,0.734,-1.136,-0.896,2.042,-1.173,0.247,-0.209,0
-0.701,0.012,-1.032,-0.595,-0.350,-0.084,-0.683,-0.873,-0.137,0.011,0.354,1
-0.471,0.459,-0.056,-0.453,-0.307,0.777,1.263,-0.332,-0.072,-0.756,-0.585,0
-1.275,-1.161,-0.108,-0.169,-0.350,0.681,0.351,-0.221,0.706,1.840,0.166,0
-1.160,0.124,-0.621,-0.524,-0.222,0.968,-0.349,-1.912,0.058,0.955,1.105,1
-1.275,0.291,-0.210,-0.028,-0.924,0.012,0.716,-1.710,0.965,-0.048,1.950,1
-1.103,-0.938,-0.313,-0.240,-0.860,0.968,0.047,-0.072,1.029,0.660,-0.679,1
-1.390,0.124,-0.878,-0.240,-0.541,2.211,0.138,-0.862,1.353,0.601,0.729,1
1.827,-1.217,1.227,-0.240,-0.180,-0.179,-0.562,0.770,-1.821,1.604,-0.585,1
-0.586,0.124,-1.237,-0.666,-0.329,0.108,-0.136,-0.608,0.382,-1.051,-1.336,0
-0.069,-1.049,0.508,-0.453,-0.648,2.594,0.837,-1.413,-0.526,0.896,1.480,1
1.080,-0.491,0.765,-0.382,-0.350,-0.849,-0.805,-0.576,-1.109,0.778,0.635,1
-0.241,-1.273,2.100,4.087,-0.796,2.068,7.041,-1.901,-1.951,-0.874,1.762,1
0.448,0.403,-1.391,-0.453,-0.626,-1.040,-1.109,0.505,-0.850,-0.166,-0.022,1
0.736,-0.658,0.508,-0.169,0.075,-0.562,-0.714,0.590,-0.461,-0.579,0.072,0
-0.184,0.627,-0.262,-0.098,0.139,-1.040,-0.410,-0.332,0.382,-0.461,0.542,0
0.563,-0.658,0.611,-0.240,-0.499,-0.371,-0.470,0.876,-0.331,-0.048,-0.209,0
0.276,-1.273,0.560,-0.169,-0.584,0.299,0.776,-0.698,0.511,0.365,1.293,1
1.597,-1.217,1.330,-0.240,-0.584,-1.231,-1.109,-0.544,-1.886,1.014,0.448,1
-0.356,-1.440,2.100,0.682,5.750,-1.040,-1.109,0.240,-0.396,2.489,-0.491,1
1.080,-1.608,1.125,-0.098,-0.265,-0.562,-0.562,0.558,-1.109,-0.284,-0.022,0
-0.816,-0.658,0.200,-0.382,-0.180,0.490,0.138,-0.035,1.029,-0.638,-0.866,1
